2.506114482879638672e+00
9.255141258239746094e+00
9.780691146850585938e+00
-1.153309535980224609e+01
2.732002735137939453e+00
1.138237857818603516e+01
8.970959663391113281e+00
-1.153055381774902344e+01
2.805179595947265625e+00
1.044152450561523438e+01
9.877997398376464844e+00
-1.194680309295654297e+01
3.682490110397338867e+00
1.011177062988281250e+01
8.882232666015625000e+00
-1.196454334259033203e+01
2.900953054428100586e+00
1.023465919494628906e+01
8.849412918090820312e+00
-1.168050479888916016e+01
3.209757566452026367e+00
1.145798683166503906e+01
2.932528018951416016e+00
1.086742496490478516e+01
3.535464286804199219e+00
1.209972953796386719e+01
4.042670726776123047e+00
1.084342002868652344e+01
9.700367927551269531e+00
-1.127448177337646484e+01
3.520482301712036133e+00
1.087763881683349609e+01
2.860225677490234375e+00
1.057426166534423828e+01
8.705547332763671875e+00
-1.219732856750488281e+01
3.819344043731689453e+00
1.178214740753173828e+01
