1.098719716072082520e+00
-1.945528030395507812e+00
3.153624832630157471e-01
4.077057838439941406e-01
1.684416174888610840e+00
1.590501189231872559e+00
2.467585325241088867e+00
4.821507632732391357e-01
-8.929601907730102539e-01
-3.178679466247558594e+00
-1.827981024980545044e-01
-1.282072544097900391e+00
1.536344408988952637e+00
1.056465506553649902e+00
2.859376966953277588e-01
-1.698075056076049805e+00
4.760244861245155334e-02
-8.421771526336669922e-01
2.131392955780029297e+00
6.832964420318603516e-01
