1.000000000000000000e+00
1.000000000000000000e+01
3.400000000000000000e+01
5.500000000000000000e+01
6.100000000000000000e+01
6.700000000000000000e+01
7.700000000000000000e+01
7.500000000000000000e+01
7.000000000000000000e+01
8.400000000000000000e+01
9.000000000000000000e+01
8.900000000000000000e+01
8.800000000000000000e+01
8.900000000000000000e+01
8.900000000000000000e+01
8.700000000000000000e+01
9.400000000000000000e+01
9.400000000000000000e+01
9.300000000000000000e+01
8.700000000000000000e+01
9.300000000000000000e+01
9.200000000000000000e+01
9.300000000000000000e+01
9.600000000000000000e+01
9.600000000000000000e+01
9.500000000000000000e+01
9.800000000000000000e+01
9.800000000000000000e+01
9.700000000000000000e+01
9.600000000000000000e+01
9.800000000000000000e+01
9.500000000000000000e+01
9.400000000000000000e+01
9.700000000000000000e+01
9.400000000000000000e+01
9.200000000000000000e+01
9.300000000000000000e+01
8.900000000000000000e+01
8.400000000000000000e+01
8.400000000000000000e+01
8.200000000000000000e+01
7.900000000000000000e+01
7.800000000000000000e+01
7.600000000000000000e+01
7.300000000000000000e+01
6.800000000000000000e+01
7.100000000000000000e+01
7.100000000000000000e+01
7.100000000000000000e+01
7.000000000000000000e+01
1.020000000000000000e+02
