-3.561018228530883789e+00
-5.008928298950195312e+00
-3.408691883087158203e+00
-5.414882183074951172e+00
2.132630348205566406e+00
5.730356216430664062e+00
9.528721809387207031e+00
-4.890913963317871094e+00
-3.294953823089599609e+00
-5.271345138549804688e+00
1.266966462135314941e+00
6.091662406921386719e+00
2.724519491195678711e+00
2.686145544052124023e+00
-3.892142534255981445e+00
-5.317019939422607422e+00
1.347957372665405273e+00
6.398977756500244141e+00
1.166059374809265137e+00
-1.868003463745117188e+01
1.818763732910156250e+00
6.209192752838134766e+00
1.515294551849365234e+01
4.021575927734375000e+00
2.585350275039672852e+00
2.929977416992187500e+00
-4.129392623901367188e+00
-4.908284187316894531e+00
2.352517843246459961e+00
4.537995815277099609e+00
