1.254254722595214844e+01
6.142262220382690430e-01
1.266146564483642578e+01
6.525964736938476562e-01
1.281548595428466797e+01
5.910453796386718750e-01
1.000030517578125000e+01
6.894229650497436523e-01
9.980078697204589844e+00
-9.299494624137878418e-01
1.071793651580810547e+01
2.992637634277343750e+00
8.201360702514648438e+00
-1.444198846817016602e+00
1.213247680664062500e+01
-4.423642754554748535e-01
1.257952690124511719e+01
1.271172332763671875e+01
1.225702476501464844e+01
1.159556269645690918e+00
