-1.584200000762939453e+01
-1.193383502960205078e+01
-1.337938308715820312e+01
-8.536645889282226562e+00
2.766304492950439453e+00
-1.251175117492675781e+01
2.922000885009765625e+00
-1.840429115295410156e+01
-1.342083740234375000e+01
-8.466609001159667969e+00
-1.352332019805908203e+01
-8.294683456420898438e+00
-1.893556785583496094e+01
-1.848825073242187500e+01
-1.583429241180419922e+01
-1.848751640319824219e+01
2.916748046875000000e+00
-1.868825340270996094e+01
2.824710130691528320e+00
-1.868825149536132812e+01
2.829615116119384766e+00
-1.868825149536132812e+01
-1.584199810028076172e+01
-1.165106868743896484e+01
2.921998023986816406e+00
-1.868300247192382812e+01
2.923995256423950195e+00
-1.867902565002441406e+01
-1.583675098419189453e+01
-1.848824691772460938e+01
-1.574945163726806641e+01
-1.848824882507324219e+01
2.921998023986816406e+00
-1.868300247192382812e+01
2.921998262405395508e+00
-1.865623855590820312e+01
-1.584200000762939453e+01
-1.185926628112792969e+01
-1.574340438842773438e+01
-1.848824882507324219e+01
-1.584199810028076172e+01
-1.165701484680175781e+01
-1.584199810028076172e+01
-1.163068199157714844e+01
