-3.280547380447387695e+00
-1.154954079538583755e-03
---
-5.174990653991699219e+00
6.155793089419603348e-03
---
-5.578487396240234375e+00
-8.273610728792846203e-05
---
-5.981028079986572266e+00
-5.039478855906054378e-05
---
-6.403786659240722656e+00
2.964819032058585435e-06
---
-6.858639240264892578e+00
-1.630493215998285450e-06
-6.858639240264892578e+00
-1.787551695997535717e-06
-7.506383419036865234e+00
-5.897792521864175797e-03
-8.252453804016113281e+00
-8.855842985212802887e-03
-8.975937843322753906e+00
-1.047982927411794662e-02
-9.170290946960449219e+00
-8.902402594685554504e-03
-9.150674819946289062e+00
-2.858740044757723808e-03
-9.738409996032714844e+00
-7.023720536381006241e-03
-1.048512172698974609e+01
-9.148530662059783936e-03
-1.069450378417968750e+01
-8.273915387690067291e-03
-1.068160343170166016e+01
-2.763259923085570335e-03
-1.133895206451416016e+01
-7.037223316729068756e-03
-1.151202487945556641e+01
-7.031312212347984314e-03
-1.215013599395751953e+01
-8.609149605035781860e-02
-1.231456184387207031e+01
-7.613099366426467896e-02
-1.246198558807373047e+01
5.333809256553649902e-01
-1.245254230499267578e+01
7.175481319427490234e-01
-1.243028163909912109e+01
7.088680863380432129e-01
-1.301293563842773438e+01
3.536539673805236816e-01
-1.396777343750000000e+01
3.133428050205111504e-03
-1.391479015350341797e+01
2.811397016048431396e-01
-1.385990047454833984e+01
2.976755201816558838e-01
-1.428500843048095703e+01
-2.033840715885162354e-01
-1.420711135864257812e+01
-9.022926092147827148e-01
-1.421310615539550781e+01
-1.146383285522460938e+00
-1.464261341094970703e+01
-1.743480682373046875e+00
---
-1.753708457946777344e+01
-3.133754014968872070e+00
-1.762873458862304688e+01
-3.538008689880371094e+00
-1.759616279602050781e+01
-3.775078296661376953e+00
-1.824785232543945312e+01
-3.985518455505371094e+00
-1.853965950012207031e+01
-4.946417331695556641e+00
-1.849526786804199219e+01
-5.343708992004394531e+00
-1.844376945495605469e+01
-5.393452167510986328e+00
-1.808768653869628906e+01
-6.051054477691650391e+00
-1.782816314697265625e+01
-6.268762111663818359e+00
-1.731986236572265625e+01
-6.834652423858642578e+00
-1.660983848571777344e+01
-7.523536205291748047e+00
-1.629357719421386719e+01
-7.641604423522949219e+00
-1.676660346984863281e+01
-8.097540855407714844e+00
-1.678398132324218750e+01
-8.301101684570312500e+00
-1.674230766296386719e+01
-8.303732872009277344e+00
-1.674601745605468750e+01
-8.296380996704101562e+00
-1.610392570495605469e+01
-8.555734634399414062e+00
-1.530892658233642578e+01
-8.741239547729492188e+00
-1.522717952728271484e+01
-8.658669471740722656e+00
-1.541967487335205078e+01
-9.338315010070800781e+00
-1.465113449096679688e+01
-9.603497505187988281e+00
-1.457139587402343750e+01
-9.529455184936523438e+00
-1.392698478698730469e+01
-9.636346817016601562e+00
-1.318939685821533203e+01
-9.694561958312988281e+00
-1.246111774444580078e+01
-9.754712104797363281e+00
-1.238426494598388672e+01
-9.727972984313964844e+00
-1.241144180297851562e+01
-1.040259456634521484e+01
-1.167191600799560547e+01
-1.052415752410888672e+01
-1.173093509674072266e+01
-1.049684524536132812e+01
-1.099211311340332031e+01
-1.043499088287353516e+01
-1.033653545379638672e+01
-1.041450500488281250e+01
-9.677412033081054688e+00
-1.038066005706787109e+01
-9.535132408142089844e+00
-1.109229469299316406e+01
-9.008578300476074219e+00
-1.103789138793945312e+01
-8.043764114379882812e+00
-1.096163654327392578e+01
-8.121201515197753906e+00
-1.099773502349853516e+01
-7.372243881225585938e+00
-1.082640457153320312e+01
-7.327258110046386719e+00
-1.085062885284423828e+01
-7.312424182891845703e+00
-1.085721015930175781e+01
-6.627430915832519531e+00
-1.080819892883300781e+01
-5.868659496307373047e+00
-1.078064632415771484e+01
-5.897612094879150391e+00
-1.080066299438476562e+01
-5.166093826293945312e+00
-1.065134716033935547e+01
-5.157316207885742188e+00
-1.071754741668701172e+01
-4.415005683898925781e+00
-1.064894676208496094e+01
-3.835284948348999023e+00
-1.063920974731445312e+01
-3.071796894073486328e+00
-1.060990238189697266e+01
-2.459679126739501953e+00
-1.059541034698486328e+01
-1.829807639122009277e+00
-1.057224178314208984e+01
-1.172815322875976562e+00
-1.054888916015625000e+01
---
4.052023291587829590e-01
-9.219924926757812500e+00
1.093246936798095703e+00
-9.736204147338867188e+00
1.302347064018249512e+00
-9.672250747680664062e+00
1.271183371543884277e+00
-9.651685714721679688e+00
1.889655709266662598e+00
-1.001484775543212891e+01
2.074805021286010742e+00
-9.967481613159179688e+00
2.056448459625244141e+00
-9.932893753051757812e+00
2.544976234436035156e+00
-1.045160102844238281e+01
2.414870262145996094e+00
-1.106368732452392578e+01
1.954874515533447266e+00
-1.176968860626220703e+01
2.056346178054809570e+00
-1.211136054992675781e+01
---
2.573974609375000000e+00
-1.199650478363037109e+01
---
2.578679084777832031e+00
-1.200706195831298828e+01
---
5.128620624542236328e+00
-1.245289611816406250e+01
2.585867643356323242e+00
-8.468374252319335938e+00
---
5.011531352996826172e+00
-1.427323341369628906e+01
4.996220588684082031e+00
-1.470060253143310547e+01
5.017438888549804688e+00
-1.478012657165527344e+01
4.334869384765625000e+00
-1.482466983795166016e+01
4.014847755432128906e+00
-1.485361766815185547e+01
4.082943439483642578e+00
-1.565301990509033203e+01
4.182959556579589844e+00
-1.600371360778808594e+01
3.480682849884033203e+00
-1.611428833007812500e+01
2.335258722305297852e+00
-1.618604660034179688e+01
1.818209767341613770e+00
-1.706357002258300781e+01
1.721662998199462891e+00
-1.739138793945312500e+01
1.724116683006286621e+00
-1.746385955810546875e+01
1.732972025871276855e+00
-1.747459220886230469e+01
1.735422134399414062e+00
-1.747573089599609375e+01
1.735976338386535645e+00
-1.747573089599609375e+01
1.736076951026916504e+00
-1.747573089599609375e+01
1.736091852188110352e+00
-1.747573089599609375e+01
1.736091852188110352e+00
-1.747573089599609375e+01
1.736091852188110352e+00
-1.747573089599609375e+01
1.218328237533569336e+00
-1.699281883239746094e+01
6.447235941886901855e-01
-1.719739532470703125e+01
-1.091409102082252502e-01
-1.769956207275390625e+01
-9.249079823493957520e-01
-1.726551055908203125e+01
-1.065578818321228027e+00
-1.696266746520996094e+01
-1.583513140678405762e+00
-1.649285125732421875e+01
-2.190190792083740234e+00
-1.675195693969726562e+01
-2.935602903366088867e+00
-1.740790176391601562e+01
-3.855332851409912109e+00
-1.712037467956542969e+01
-4.096045970916748047e+00
-1.682215690612792969e+01
-4.410797119140625000e+00
-1.738884162902832031e+01
-4.650475502014160156e+00
-1.762166595458984375e+01
-4.710365772247314453e+00
-1.760940742492675781e+01
-5.198617935180664062e+00
-1.714982795715332031e+01
-5.309180736541748047e+00
-1.686540412902832031e+01
-5.708420753479003906e+00
-1.742807769775390625e+01
-5.972998142242431641e+00
-1.755223846435546875e+01
-6.507539749145507812e+00
-1.702927017211914062e+01
-7.145426273345947266e+00
-1.719456481933593750e+01
-7.320936203002929688e+00
-1.715195846557617188e+01
-7.323671817779541016e+00
-1.711462593078613281e+01
-7.859696388244628906e+00
-1.764874076843261719e+01
-8.668555259704589844e+00
-1.724249458312988281e+01
-9.281569480895996094e+00
-1.644009590148925781e+01
-9.714789390563964844e+00
-1.650938034057617188e+01
-9.742109298706054688e+00
-1.637762451171875000e+01
---
-8.840991973876953125e+00
-2.031434249877929688e+01
-8.921898841857910156e+00
-1.968960189819335938e+01
-9.575213432312011719e+00
-1.969140243530273438e+01
-9.611278533935546875e+00
-1.967310523986816406e+01
-1.030794620513916016e+01
-1.983614349365234375e+01
-1.035605049133300781e+01
-1.977844238281250000e+01
-1.099998760223388672e+01
-1.984931182861328125e+01
-1.111153030395507812e+01
-1.911815643310546875e+01
-1.128239631652832031e+01
-1.917727851867675781e+01
-1.124808216094970703e+01
-1.916119766235351562e+01
---
-1.699595260620117188e+01
-2.245134162902832031e+01
-1.697702407836914062e+01
-2.245224761962890625e+01
-1.698282241821289062e+01
-2.170803642272949219e+01
-1.700193214416503906e+01
-2.054420280456542969e+01
-1.702260017395019531e+01
-2.007102012634277344e+01
-1.705112075805664062e+01
-1.999071502685546875e+01
-1.707487297058105469e+01
-1.917942237854003906e+01
-1.709299850463867188e+01
-1.881867790222167969e+01
-1.711692047119140625e+01
-1.875095939636230469e+01
-1.713503646850585938e+01
-1.801894378662109375e+01
-1.716023826599121094e+01
-1.678820800781250000e+01
-1.717626380920410156e+01
-1.630884552001953125e+01
-1.646688652038574219e+01
-1.619050025939941406e+01
-1.610244941711425781e+01
-1.614697456359863281e+01
-1.614279937744140625e+01
-1.534802818298339844e+01
-1.585192966461181641e+01
-1.494088935852050781e+01
-1.585018157958984375e+01
-1.494440174102783203e+01
---
-1.980497169494628906e+01
-1.151820755004882812e+01
-1.981911087036132812e+01
-1.158337211608886719e+01
-1.980985832214355469e+01
-1.156639099121093750e+01
-1.979907417297363281e+01
-1.153794670104980469e+01
-1.979900741577148438e+01
-1.153453445434570312e+01
---
-1.898612785339355469e+01
-1.110704517364501953e+01
---
-1.896109962463378906e+01
-1.110671138763427734e+01
-1.812735748291015625e+01
-1.110392570495605469e+01
-1.740862846374511719e+01
-1.110267543792724609e+01
-1.674303817749023438e+01
-1.110186862945556641e+01
-1.609543991088867188e+01
-1.110105037689208984e+01
-1.540978813171386719e+01
-1.110023307800292969e+01
-1.476879024505615234e+01
-1.109951972961425781e+01
-1.412326526641845703e+01
-1.109873962402343750e+01
-1.413718223571777344e+01
-1.109819793701171875e+01
-1.341920471191406250e+01
-1.100207233428955078e+01
-1.277096080780029297e+01
-1.096712017059326172e+01
-1.203522300720214844e+01
-1.091071128845214844e+01
-1.139937210083007812e+01
-1.087299442291259766e+01
-1.076072406768798828e+01
-1.082686710357666016e+01
-1.006296730041503906e+01
-1.077229118347167969e+01
-9.861738204956054688e+00
-1.146946907043457031e+01
-9.231809616088867188e+00
-1.145982360839843750e+01
-8.517894744873046875e+00
-1.140010070800781250e+01
-8.487471580505371094e+00
-1.143327236175537109e+01
-8.248141288757324219e+00
-1.132088851928710938e+01
-8.201178550720214844e+00
-1.123536586761474609e+01
-8.123604774475097656e+00
-1.109486770629882812e+01
-8.033370971679687500e+00
-1.104135704040527344e+01
-8.022418022155761719e+00
-1.103039550781250000e+01
---
-7.647564411163330078e+00
-1.091645145416259766e+01
---
-7.829596519470214844e+00
-1.091765022277832031e+01
---
-4.198699951171875000e+00
-1.024000072479248047e+01
-4.198699951171875000e+00
-1.024000072479248047e+01
-3.492069959640502930e+00
-1.023751068115234375e+01
-2.846056699752807617e+00
-1.023736095428466797e+01
-2.179879903793334961e+00
-1.023736095428466797e+01
-1.551016807556152344e+00
-1.023736095428466797e+01
-9.296839833259582520e-01
-1.023736095428466797e+01
-2.968915104866027832e-01
-1.023736095428466797e+01
-2.289548665285110474e-01
-1.023750114440917969e+01
-1.581639796495437622e-01
-1.092617893218994141e+01
-1.970757842063903809e-01
-1.092101573944091797e+01
4.877078533172607422e-01
-1.073177242279052734e+01
6.024667024612426758e-01
-1.078367614746093750e+01
5.797256827354431152e-01
-1.078789997100830078e+01
1.225571155548095703e+00
-1.040873718261718750e+01
1.390306115150451660e+00
-1.047996902465820312e+01
1.363672494888305664e+00
-1.050843811035156250e+01
1.850260019302368164e+00
-9.971803665161132812e+00
2.671576738357543945e+00
-9.347331047058105469e+00
2.944066047668457031e+00
-9.375739097595214844e+00
2.960040330886840820e+00
-9.431005477905273438e+00
3.254341602325439453e+00
-8.796904563903808594e+00
3.863234758377075195e+00
-7.788433074951171875e+00
4.190080642700195312e+00
-7.558632850646972656e+00
4.268657207489013672e+00
-7.561224937438964844e+00
4.392529487609863281e+00
-6.759634017944335938e+00
5.163124084472656250e+00
-6.423234939575195312e+00
5.593127727508544922e+00
-6.377108573913574219e+00
5.686177730560302734e+00
-6.366152763366699219e+00
5.585991859436035156e+00
-5.650027275085449219e+00
5.322761058807373047e+00
-4.491096973419189453e+00
5.149382114410400391e+00
-4.031406879425048828e+00
5.071135520935058594e+00
-3.964351415634155273e+00
5.687042236328125000e+00
-3.616686582565307617e+00
5.859152793884277344e+00
-3.380192518234252930e+00
5.832612991333007812e+00
-3.330408573150634766e+00
5.821256637573242188e+00
-3.332200527191162109e+00
5.257572650909423828e+00
-2.912038087844848633e+00
5.009306430816650391e+00
-2.882368326187133789e+00
4.396039962768554688e+00
-2.598749876022338867e+00
3.775951385498046875e+00
-2.285836219787597656e+00
3.018982887268066406e+00
-1.921283364295959473e+00
2.797635316848754883e+00
-1.956365823745727539e+00
3.077859640121459961e+00
-1.323446512222290039e+00
2.321991205215454102e+00
-9.243879318237304688e-01
2.170479059219360352e+00
-9.928169846534729004e-01
2.195464611053466797e+00
-1.002796888351440430e+00
1.463869571685791016e+00
-9.046285748481750488e-01
8.137084245681762695e-01
-8.703529834747314453e-01
1.288899630308151245e-01
-8.212369084358215332e-01
---
-2.235011607408523560e-01
6.823670864105224609e-01
-8.585792183876037598e-01
7.501441240310668945e-01
-9.966233372688293457e-01
7.465649843215942383e-01
-1.649762034416198730e+00
6.663454771041870117e-01
-2.385214567184448242e+00
6.119347810745239258e-01
-3.121008157730102539e+00
5.616512298583984375e-01
-3.721384763717651367e+00
5.234267711639404297e-01
-4.489603996276855469e+00
4.576297700405120850e-01
-5.218850135803222656e+00
4.057075381278991699e-01
-5.866812229156494141e+00
3.596641719341278076e-01
-6.123717308044433594e+00
9.964510798454284668e-01
-6.108691215515136719e+00
1.137596726417541504e+00
-6.097905158996582031e+00
1.118021965026855469e+00
-6.100507259368896484e+00
1.117873787879943848e+00
-6.286921024322509766e+00
1.781813979148864746e+00
-6.877782344818115234e+00
1.693899631500244141e+00
-6.962069511413574219e+00
1.731356978416442871e+00
-7.580764770507812500e+00
1.476361036300659180e+00
-7.740538120269775391e+00
1.522673010826110840e+00
-8.393011093139648438e+00
1.447443246841430664e+00
-8.613024711608886719e+00
1.513529300689697266e+00
-9.404804229736328125e+00
1.359444379806518555e+00
-1.009435272216796875e+01
1.275081157684326172e+00
-1.083737564086914062e+01
1.159299850463867188e+00
-1.152592754364013672e+01
1.056352138519287109e+00
-1.164606380462646484e+01
1.099226474761962891e+00
-1.187694263458251953e+01
1.714034080505371094e+00
-1.246664237976074219e+01
1.686518669128417969e+00
-1.260647296905517578e+01
1.718738198280334473e+00
-1.258940505981445312e+01
1.736703753471374512e+00
-1.318700027465820312e+01
1.286762952804565430e+00
-1.340063190460205078e+01
1.300581455230712891e+00
-1.395240592956542969e+01
8.284518718719482422e-01
-1.473100471496582031e+01
3.056511282920837402e-01
-1.500352382659912109e+01
3.119569718837738037e-01
-1.443884754180908203e+01
-6.335666775703430176e-02
-1.471949672698974609e+01
-9.787094593048095703e-01
-1.541234302520751953e+01
-1.778886198997497559e+00
-1.542529869079589844e+01
-2.251100301742553711e+00
-1.551460933685302734e+01
-2.253896474838256836e+00
---
-1.727825164794921875e+01
-2.719162464141845703e+00
-1.807523536682128906e+01
-2.841897249221801758e+00
-1.834702301025390625e+01
-3.772069692611694336e+00
-1.831878089904785156e+01
-4.136738300323486328e+00
-1.801384925842285156e+01
-4.988510131835937500e+00
-1.754096794128417969e+01
-6.035823345184326172e+00
-1.729776573181152344e+01
-6.298952102661132812e+00
-1.685903167724609375e+01
-7.018261432647705078e+00
-1.659160232543945312e+01
-7.182996273040771484e+00
-1.655531501770019531e+01
-7.132202625274658203e+00
-1.656189918518066406e+01
-7.120293617248535156e+00
-1.656476020812988281e+01
-7.120972156524658203e+00
-1.656476020812988281e+01
-7.121569633483886719e+00
-1.592970943450927734e+01
-7.609807491302490234e+00
-1.576809501647949219e+01
-7.510297775268554688e+00
-1.515246772766113281e+01
-7.866205692291259766e+00
-1.442730426788330078e+01
-8.065323829650878906e+00
-1.434560775756835938e+01
-7.952491283416748047e+00
-1.437814044952392578e+01
-7.963346958160400391e+00
-1.424055290222167969e+01
-8.065479278564453125e+00
-1.425321960449218750e+01
-8.034936904907226562e+00
---
-1.232330131530761719e+01
-1.016441059112548828e+01
-1.165431213378906250e+01
-1.016884803771972656e+01
-1.104247379302978516e+01
-1.016835212707519531e+01
-1.046543693542480469e+01
-1.016871166229248047e+01
-9.822119712829589844e+00
-1.016900157928466797e+01
-9.224658966064453125e+00
-1.016923141479492188e+01
-8.595849990844726562e+00
-1.016949748992919922e+01
-7.953940391540527344e+00
-1.016977596282958984e+01
-7.956316471099853516e+00
-1.086770343780517578e+01
-7.957689762115478516e+00
-1.079024600982666016e+01
-7.224158287048339844e+00
-1.068588352203369141e+01
-7.126142978668212891e+00
-1.084209251403808594e+01
-6.413369178771972656e+00
-1.065241909027099609e+01
-6.356626987457275391e+00
-1.086813068389892578e+01
-5.685030937194824219e+00
-1.057108592987060547e+01
-5.702870845794677734e+00
-1.065472221374511719e+01
-4.968608379364013672e+00
-1.060363483428955078e+01
-4.998320579528808594e+00
-1.061916828155517578e+01
-4.241871833801269531e+00
-1.049326610565185547e+01
-4.312131404876708984e+00
-1.056733894348144531e+01
-3.544239997863769531e+00
-1.051375007629394531e+01
-2.977340698242187500e+00
-1.051902484893798828e+01
-2.462728977203369141e+00
-1.050816345214843750e+01
-1.813734650611877441e+00
-1.049688339233398438e+01
-1.217350840568542480e+00
-1.048914146423339844e+01
-1.261130690574645996e+00
-1.092332363128662109e+01
-5.652796626091003418e-01
-1.071112251281738281e+01
-5.564715266227722168e-01
-1.074351501464843750e+01
-5.526156425476074219e-01
-1.073620700836181641e+01
-5.542768836021423340e-01
-1.073752403259277344e+01
1.831524372100830078e-01
-1.097999286651611328e+01
1.670076549053192139e-01
-1.085174655914306641e+01
8.444874286651611328e-01
-1.121856498718261719e+01
---
5.289011001586914062e+00
-1.031615543365478516e+01
5.297816753387451172e+00
-1.025937461853027344e+01
5.296769142150878906e+00
-1.106772041320800781e+01
5.291299343109130859e+00
-1.218326282501220703e+01
4.502506732940673828e+00
-1.276640796661376953e+01
4.183945655822753906e+00
-1.288198566436767578e+01
4.258499622344970703e+00
-1.377191257476806641e+01
4.361349105834960938e+00
-1.407937717437744141e+01
3.670169353485107422e+00
-1.436618232727050781e+01
3.629117727279663086e+00
-1.534751415252685547e+01
4.051586151123046875e+00
-1.658874511718750000e+01
4.314292907714843750e+00
-1.685217475891113281e+01
4.376195430755615234e+00
-1.687997436523437500e+01
4.387248516082763672e+00
-1.688457679748535156e+01
4.388455390930175781e+00
-1.688595771789550781e+01
4.388469696044921875e+00
-1.688625526428222656e+01
4.388469696044921875e+00
-1.688625526428222656e+01
3.892172813415527344e+00
-1.752573013305664062e+01
---
3.923871278762817383e+00
-2.058599472045898438e+01
4.080399036407470703e+00
-1.986691856384277344e+01
3.315151214599609375e+00
-1.994080543518066406e+01
3.418153524398803711e+00
-1.992868804931640625e+01
2.622229814529418945e+00
-2.003218460083007812e+01
2.621305465698242188e+00
-1.928147506713867188e+01
1.956347107887268066e+00
-1.937719345092773438e+01
1.972841739654541016e+00
-1.933342361450195312e+01
1.219287633895874023e+00
-1.952148056030273438e+01
1.124793648719787598e+00
-1.868258285522460938e+01
5.448621511459350586e-01
-1.895089912414550781e+01
-1.453896611928939819e-01
-1.900279235839843750e+01
-7.259991168975830078e-01
-1.907304954528808594e+01
-1.407932996749877930e+00
-1.917065429687500000e+01
-2.112304687500000000e+00
-1.925532913208007812e+01
-2.271365880966186523e+00
-1.850404739379882812e+01
-2.888545989990234375e+00
-1.857840156555175781e+01
-2.905230283737182617e+00
-1.851782798767089844e+01
-3.598230123519897461e+00
-1.880515670776367188e+01
-3.960101842880249023e+00
-1.810284423828125000e+01
-4.451527118682861328e+00
-1.823136711120605469e+01
-5.227644443511962891e+00
-1.843162536621093750e+01
-5.942355155944824219e+00
-1.858135414123535156e+01
-6.680815696716308594e+00
-1.874323654174804688e+01
-7.034917354583740234e+00
-1.796200752258300781e+01
-7.552721977233886719e+00
-1.817031478881835938e+01
-7.581717967987060547e+00
-1.806685256958007812e+01
-8.234821319580078125e+00
-1.843698120117187500e+01
-8.344000816345214844e+00
-1.833124732971191406e+01
-8.954426765441894531e+00
-1.858442878723144531e+01
-9.773153305053710938e+00
-1.877645874023437500e+01
-9.482125282287597656e+00
-1.847275733947753906e+01
---
-1.138508987426757812e+01
-2.025532722473144531e+01
-1.136089706420898438e+01
-2.029091835021972656e+01
-1.136599445343017578e+01
-2.028778839111328125e+01
-1.136633682250976562e+01
-1.959362983703613281e+01
-1.167245674133300781e+01
-1.969347572326660156e+01
-1.170232772827148438e+01
-1.979243278503417969e+01
-1.157970905303955078e+01
-1.961516761779785156e+01
---
-1.172332096099853516e+01
-1.964397811889648438e+01
---
-1.181266117095947266e+01
-1.965089035034179688e+01
---
-1.191619873046875000e+01
-1.966268157958984375e+01
---
-1.196128845214843750e+01
-1.964834976196289062e+01
---
-1.717420578002929688e+01
-1.864070320129394531e+01
-1.720038795471191406e+01
-1.823407554626464844e+01
-1.639743804931640625e+01
-1.814713478088378906e+01
-1.637809181213378906e+01
-1.814492607116699219e+01
-1.638147544860839844e+01
-1.814653396606445312e+01
---
-1.637955093383789062e+01
-1.748444366455078125e+01
-1.637902259826660156e+01
-1.634753990173339844e+01
-1.638608360290527344e+01
-1.589255619049072266e+01
-1.652212715148925781e+01
-1.508770751953125000e+01
-1.663957214355468750e+01
-1.469302654266357422e+01
-1.666526222229003906e+01
-1.462134742736816406e+01
-1.638679504394531250e+01
-1.465090084075927734e+01
---
-1.783933067321777344e+01
-1.108998966217041016e+01
-1.800248336791992188e+01
-1.109086036682128906e+01
-1.796510887145996094e+01
-1.108025169372558594e+01
-1.779552650451660156e+01
-1.178910255432128906e+01
-1.721910667419433594e+01
-1.152151870727539062e+01
-1.661094093322753906e+01
-1.151973342895507812e+01
-1.651320075988769531e+01
-1.145778656005859375e+01
-1.638515853881835938e+01
-1.134217643737792969e+01
-1.634602546691894531e+01
-1.127380847930908203e+01
-1.631597900390625000e+01
-1.123671436309814453e+01
---
-1.602003288269042969e+01
-1.107270240783691406e+01
-1.602003288269042969e+01
-1.107270240783691406e+01
---
-1.601008415222167969e+01
-1.107422828674316406e+01
-1.601203536987304688e+01
-1.103101634979248047e+01
-1.551383018493652344e+01
-1.101555061340332031e+01
-1.549358749389648438e+01
-1.095749282836914062e+01
-1.549490165710449219e+01
-1.097621917724609375e+01
-1.478643321990966797e+01
-1.115580654144287109e+01
-1.478657722473144531e+01
-1.106376457214355469e+01
-1.404984855651855469e+01
-1.117904853820800781e+01
-1.353889846801757812e+01
-1.117325878143310547e+01
-1.291201972961425781e+01
-1.122298812866210938e+01
-1.232495307922363281e+01
-1.124645137786865234e+01
-1.238750076293945312e+01
-1.120529174804687500e+01
-1.160262870788574219e+01
-1.122383308410644531e+01
-1.110388278961181641e+01
-1.122016429901123047e+01
-1.056803607940673828e+01
-1.122283077239990234e+01
-9.933488845825195312e+00
-1.122415256500244141e+01
-9.387773513793945312e+00
-1.122508621215820312e+01
-8.793591499328613281e+00
-1.122680759429931641e+01
-8.191057205200195312e+00
-1.122865009307861328e+01
-8.560301780700683594e+00
-1.122305011749267578e+01
---
-2.374100923538208008e+00
-1.023677444458007812e+01
-1.700095176696777344e+00
-1.023713397979736328e+01
-1.118368268013000488e+00
-1.023713397979736328e+01
-1.150096416473388672e+00
-1.023544120788574219e+01
-1.138221502304077148e+00
-1.023219966888427734e+01
-4.158269166946411133e-01
-1.023205947875976562e+01
-4.663322269916534424e-01
-1.023018932342529297e+01
-4.565294981002807617e-01
-1.022600269317626953e+01
-4.586387276649475098e-01
-1.022838115692138672e+01
-5.337346196174621582e-01
-9.662463188171386719e+00
2.725990712642669678e-01
-9.758237838745117188e+00
2.113774418830871582e-01
-9.793419837951660156e+00
2.227656096220016479e-01
-9.774756431579589844e+00
2.239655703306198120e-01
-9.779554367065429688e+00
8.689572811126708984e-01
-9.394110679626464844e+00
7.408874630928039551e-01
-8.866727828979492188e+00
---
5.214855194091796875e+00
-8.738961219787597656e+00
5.231462478637695312e+00
-8.691449165344238281e+00
5.235627174377441406e+00
-7.899968624114990234e+00
5.232821464538574219e+00
-7.535154819488525391e+00
5.214460372924804688e+00
-7.471595764160156250e+00
5.209872245788574219e+00
-6.689057350158691406e+00
5.213680744171142578e+00
-5.533692359924316406e+00
5.212669372558593750e+00
-5.061915397644042969e+00
5.918728351593017578e+00
-4.839316368103027344e+00
6.231653690338134766e+00
-4.714097023010253906e+00
6.268581867218017578e+00
-4.660510540008544922e+00
5.911584854125976562e+00
-3.937583208084106445e+00
5.668134689331054688e+00
-3.731629610061645508e+00
5.604065895080566406e+00
-3.757689476013183594e+00
5.107245445251464844e+00
-3.243169546127319336e+00
4.838166236877441406e+00
-3.185454607009887695e+00
4.722032546997070312e+00
-3.120194435119628906e+00
4.725892543792724609e+00
-3.134746551513671875e+00
---
3.816922187805175781e+00
-5.593957379460334778e-02
3.225382804870605469e+00
-4.973129555583000183e-02
2.573672533035278320e+00
-4.957955703139305115e-02
1.886011123657226562e+00
-4.930215701460838318e-02
1.323589801788330078e+00
-4.908656328916549683e-02
6.830989718437194824e-01
-4.873440042138099670e-02
1.868109684437513351e-03
-4.836474731564521790e-02
-6.400609612464904785e-01
-4.804746061563491821e-02
-1.312954187393188477e+00
-4.765784740447998047e-02
-2.004502534866333008e+00
-4.728215932846069336e-02
-2.001013278961181641e+00
-4.852093011140823364e-02
-1.999781489372253418e+00
-5.066114664077758789e-02
-2.000787019729614258e+00
6.237842440605163574e-01
-2.001382589340209961e+00
6.681472063064575195e-01
-2.001547574996948242e+00
6.573830842971801758e-01
-2.002453088760375977e+00
6.592720746994018555e-01
-2.736126899719238281e+00
5.653957724571228027e-01
-3.346970081329345703e+00
5.375624895095825195e-01
-4.066632747650146484e+00
4.858990311622619629e-01
-4.649700164794921875e+00
4.553461372852325439e-01
-5.326994419097900391e+00
4.009834527969360352e-01
-5.533610820770263672e+00
1.080521464347839355e+00
-6.169647216796875000e+00
1.096589565277099609e+00
-6.214232444763183594e+00
1.119155645370483398e+00
-6.906734943389892578e+00
9.351339340209960938e-01
-7.197364330291748047e+00
1.662081837654113770e+00
-7.782236099243164062e+00
1.589838385581970215e+00
-8.492014884948730469e+00
1.479816555976867676e+00
-8.564070701599121094e+00
1.528966665267944336e+00
-8.786662101745605469e+00
2.139807462692260742e+00
-8.746324539184570312e+00
2.292245388031005859e+00
-8.565493583679199219e+00
1.613041162490844727e+00
-9.319309234619140625e+00
1.280960321426391602e+00
-9.983248710632324219e+00
1.221620321273803711e+00
-1.070099925994873047e+01
1.102813005447387695e+00
-1.139062881469726562e+01
9.876006841659545898e-01
-1.204653644561767578e+01
8.807788491249084473e-01
-1.216311836242675781e+01
9.213538765907287598e-01
-1.280819225311279297e+01
6.333198547363281250e-01
-1.292187118530273438e+01
7.185894846916198730e-01
-1.289026546478271484e+01
7.249605655670166016e-01
-1.342622280120849609e+01
2.545222938060760498e-01
-1.419709396362304688e+01
-2.117080092430114746e-01
-1.451473522186279297e+01
-2.371367663145065308e-01
-1.452075386047363281e+01
-1.791288554668426514e-01
-1.492446994781494141e+01
-8.192540407180786133e-01
-1.563463211059570312e+01
-1.623335123062133789e+00
-1.595255565643310547e+01
-1.742568016052246094e+00
-1.601311683654785156e+01
-1.708375334739685059e+00
-1.623250389099121094e+01
-2.499595880508422852e+00
---
-1.761859703063964844e+01
-4.152460575103759766e+00
-1.778421211242675781e+01
-4.588897705078125000e+00
-1.778364372253417969e+01
-4.674237728118896484e+00
-1.777153396606445312e+01
-4.684797763824462891e+00
-1.761276817321777344e+01
-5.516138076782226562e+00
-1.748574829101562500e+01
-5.795823097229003906e+00
-1.743028450012207031e+01
-5.815447330474853516e+00
-1.702961921691894531e+01
-6.524214267730712891e+00
-1.637272071838378906e+01
-7.345214843750000000e+00
-1.606612014770507812e+01
-7.451493263244628906e+00
-1.603504753112792969e+01
-7.399469375610351562e+00
-1.604594230651855469e+01
-7.392552852630615234e+00
-1.604807472229003906e+01
-7.394519329071044922e+00
-1.551922798156738281e+01
-6.863554477691650391e+00
-1.496035957336425781e+01
-7.115860939025878906e+00
-1.482999706268310547e+01
-7.021229267120361328e+00
---
-1.448226451873779297e+01
-1.085524177551269531e+01
-1.461509323120117188e+01
-1.071737003326416016e+01
-1.380774974822998047e+01
-1.067117118835449219e+01
-1.379248237609863281e+01
-1.143601131439208984e+01
-1.310706710815429688e+01
-1.123602867126464844e+01
-1.321643066406250000e+01
-1.131354141235351562e+01
-1.244274902343750000e+01
-1.111510944366455078e+01
-1.236632823944091797e+01
-1.196156024932861328e+01
-1.176502418518066406e+01
-1.170409774780273438e+01
-1.112936782836914062e+01
-1.166777515411376953e+01
-1.048649978637695312e+01
-1.159018993377685547e+01
-9.825157165527343750e+00
-1.150846767425537109e+01
-9.163489341735839844e+00
-1.144421100616455078e+01
-8.649199485778808594e+00
-1.140509700775146484e+01
-8.252730369567871094e+00
-1.132116889953613281e+01
-8.263241767883300781e+00
-1.136456489562988281e+01
-8.317324638366699219e+00
-1.144523143768310547e+01
---
-6.584950923919677734e+00
-1.034842872619628906e+01
-6.537295341491699219e+00
-1.034906196594238281e+01
-5.830475807189941406e+00
-1.034298229217529297e+01
-5.224851608276367188e+00
-1.034113883972167969e+01
-5.269545078277587891e+00
-1.034248924255371094e+01
-5.193377017974853516e+00
-1.092585563659667969e+01
-4.591364383697509766e+00
-1.050134372711181641e+01
-3.910202741622924805e+00
-1.049327468872070312e+01
-3.897143125534057617e+00
-1.094932079315185547e+01
-3.230628252029418945e+00
-1.067475414276123047e+01
-2.653201580047607422e+00
-1.068231678009033203e+01
-1.967246174812316895e+00
-1.062038803100585938e+01
-2.002767801284790039e+00
-1.067095184326171875e+01
-1.258360266685485840e+00
-1.063635826110839844e+01
-1.245702266693115234e+00
-1.064554786682128906e+01
-5.016356110572814941e-01
-1.071757221221923828e+01
-5.755454897880554199e-01
-1.067463874816894531e+01
1.826431453227996826e-01
-1.086571979522705078e+01
1.704455763101577759e-01
-1.078309154510498047e+01
-8.920587599277496338e-02
-1.144354248046875000e+01
---
6.299094676971435547e+00
-1.075010013580322266e+01
6.686252117156982422e+00
-1.094653034210205078e+01
6.736065387725830078e+00
-1.099072456359863281e+01
5.981502056121826172e+00
-1.079400825500488281e+01
5.413341999053955078e+00
-1.139810848236083984e+01
5.208515644073486328e+00
-1.154758930206298828e+01
5.049931049346923828e+00
-1.239543151855468750e+01
4.958311080932617188e+00
-1.270243740081787109e+01
4.964984416961669922e+00
-1.360135459899902344e+01
5.017998695373535156e+00
-1.477480220794677734e+01
4.220178604125976562e+00
-1.540297222137451172e+01
3.970934629440307617e+00
-1.553226757049560547e+01
3.942216157913208008e+00
-1.557105350494384766e+01
3.434906244277954102e+00
-1.559422969818115234e+01
3.425207853317260742e+00
-1.559596633911132812e+01
---
3.427320718765258789e+00
-1.492821598052978516e+01
---
6.286233901977539062e+00
-2.061656379699707031e+01
6.278111934661865234e+00
-2.057774353027343750e+01
5.538383007049560547e+00
-2.058824157714843750e+01
5.647479057312011719e+00
-1.989088058471679688e+01
4.887095928192138672e+00
-1.998541831970214844e+01
4.986736297607421875e+00
-1.997326660156250000e+01
4.203539371490478516e+00
-2.007068824768066406e+01
4.146121501922607422e+00
-1.933219146728515625e+01
3.491395473480224609e+00
-1.941099739074707031e+01
2.830769538879394531e+00
-1.944337272644042969e+01
2.190898180007934570e+00
-1.947249412536621094e+01
1.638278365135192871e+00
-1.949678230285644531e+01
1.024018406867980957e+00
-1.953232383728027344e+01
4.141839146614074707e-01
-1.956599807739257812e+01
3.973881304264068604e-01
-1.953836250305175781e+01
-3.103420138359069824e-01
-1.972639846801757812e+01
-5.982712507247924805e-01
-1.899362564086914062e+01
-1.167366743087768555e+00
-1.910630607604980469e+01
-1.859248161315917969e+00
-1.920039176940917969e+01
-2.550511598587036133e+00
-1.927784919738769531e+01
-2.733361959457397461e+00
-1.853710937500000000e+01
-3.326109886169433594e+00
-1.861969947814941406e+01
-4.037339687347412109e+00
-1.871421432495117188e+01
-4.054535388946533203e+00
-1.865258789062500000e+01
-4.716282844543457031e+00
-1.892061614990234375e+01
-5.139823913574218750e+00
-1.820750808715820312e+01
-5.706177711486816406e+00
-1.826255798339843750e+01
-6.467320919036865234e+00
-1.843335151672363281e+01
-6.461498737335205078e+00
-1.832151794433593750e+01
-6.758794307708740234e+00
-1.775326156616210938e+01
-6.706515312194824219e+00
-1.759484672546386719e+01
-7.387095928192138672e+00
-1.788596153259277344e+01
-8.101755142211914062e+00
-1.800206184387207031e+01
-8.784037590026855469e+00
-1.813303947448730469e+01
-9.455075263977050781e+00
-1.828223419189453125e+01
-1.015842247009277344e+01
-1.843472099304199219e+01
-9.918212890625000000e+00
-1.814578247070312500e+01
---
-1.218709945678710938e+01
-2.091319465637207031e+01
-1.218079185485839844e+01
-2.104764938354492188e+01
-1.217477989196777344e+01
-2.103526306152343750e+01
-1.217699337005615234e+01
-2.103515243530273438e+01
-1.283601379394531250e+01
-2.078159332275390625e+01
-1.295760345458984375e+01
-2.083953285217285156e+01
-1.260265064239501953e+01
-2.026340866088867188e+01
-1.327160644531250000e+01
-1.968281936645507812e+01
-1.406455039978027344e+01
-1.942242622375488281e+01
-1.480800151824951172e+01
-1.917465972900390625e+01
---
-1.825957870483398438e+01
-1.938649940490722656e+01
-1.869184494018554688e+01
-1.914022827148437500e+01
-1.875471687316894531e+01
-1.907062339782714844e+01
-1.875426483154296875e+01
-1.907011604309082031e+01
---
-1.818643569946289062e+01
-1.862657546997070312e+01
-1.818775749206542969e+01
-1.860901069641113281e+01
---
-1.711948776245117188e+01
-1.672758674621582031e+01
-1.711690521240234375e+01
-1.671985054016113281e+01
-1.712175369262695312e+01
-1.595230770111083984e+01
-1.638218116760253906e+01
-1.547503948211669922e+01
-1.605205345153808594e+01
-1.489479923248291016e+01
-1.604819107055664062e+01
-1.490255451202392578e+01
---
-1.869357872009277344e+01
-1.082627868652343750e+01
-1.822629547119140625e+01
-1.083425045013427734e+01
-1.824385833740234375e+01
-1.085815620422363281e+01
-1.824113082885742188e+01
-1.084839725494384766e+01
-1.750110054016113281e+01
-1.075911808013916016e+01
-1.746443748474121094e+01
-1.152601909637451172e+01
-1.679914665222167969e+01
-1.129457950592041016e+01
-1.686871147155761719e+01
-1.136789512634277344e+01
-1.612018013000488281e+01
-1.115952873229980469e+01
-1.610893440246582031e+01
-1.118422317504882812e+01
-1.611568069458007812e+01
-1.117196846008300781e+01
-1.589149856567382812e+01
-1.111055469512939453e+01
-1.546441841125488281e+01
-1.103070640563964844e+01
-1.474596977233886719e+01
-1.095392704010009766e+01
-1.414616680145263672e+01
-1.092354869842529297e+01
-1.357176876068115234e+01
-1.087535095214843750e+01
-1.287976169586181641e+01
-1.081186294555664062e+01
-1.281410598754882812e+01
-1.156981658935546875e+01
-1.214681720733642578e+01
-1.145561981201171875e+01
-1.162255477905273438e+01
-1.145145225524902344e+01
-1.095709419250488281e+01
-1.138592910766601562e+01
-1.037627029418945312e+01
-1.135276317596435547e+01
-9.753829956054687500e+00
-1.130329608917236328e+01
-9.143336296081542969e+00
-1.125531387329101562e+01
-8.550650596618652344e+00
-1.121096515655517578e+01
-8.153010368347167969e+00
-1.109802436828613281e+01
-7.934295654296875000e+00
-1.093743228912353516e+01
-7.913727760314941406e+00
-1.089689159393310547e+01
-7.165260314941406250e+00
-1.085215950012207031e+01
-6.660634994506835938e+00
-1.085114383697509766e+01
-6.026329040527343750e+00
-1.082190132141113281e+01
-5.402830123901367188e+00
-1.080233955383300781e+01
-4.794280052185058594e+00
-1.078021812438964844e+01
-4.202602863311767578e+00
-1.076047801971435547e+01
-3.571445941925048828e+00
-1.073686408996582031e+01
-2.986142158508300781e+00
-1.071838188171386719e+01
-2.348609447479248047e+00
-1.069114971160888672e+01
-1.698862314224243164e+00
-1.066672801971435547e+01
-1.140464425086975098e+00
-1.065157413482666016e+01
-1.212194919586181641e+00
-1.067505741119384766e+01
-4.665676355361938477e-01
-1.050185298919677734e+01
1.800917536020278931e-01
-1.046788024902343750e+01
1.320553421974182129e-01
-1.052687740325927734e+01
1.326187252998352051e-01
-1.050535011291503906e+01
8.442825078964233398e-01
-1.015907859802246094e+01
8.956176638603210449e-01
-1.031087589263916016e+01
8.548079729080200195e-01
-1.031158447265625000e+01
8.569157719612121582e-01
-1.030212974548339844e+01
8.589721322059631348e-01
-1.030270576477050781e+01
1.419742226600646973e+00
-9.763340950012207031e+00
---
6.201200485229492188e+00
-7.651409626007080078e+00
6.476437091827392578e+00
-7.441640377044677734e+00
6.470338821411132812e+00
-7.424572467803955078e+00
---
5.104474544525146484e+00
-6.866074085235595703e+00
5.100515842437744141e+00
-6.863954544067382812e+00
5.096627712249755859e+00
-6.089545726776123047e+00
5.094439029693603516e+00
-4.863514900207519531e+00
5.089002609252929688e+00
-4.465706825256347656e+00
5.066717624664306641e+00
-4.383411884307861328e+00
5.786479473114013672e+00
-4.127550601959228516e+00
6.014175891876220703e+00
-3.926485538482666016e+00
6.001352787017822266e+00
-3.877674579620361328e+00
5.990265846252441406e+00
-3.876307249069213867e+00
5.449500560760498047e+00
-3.330106973648071289e+00
5.207300186157226562e+00
-3.338722467422485352e+00
4.712233543395996094e+00
-2.991296052932739258e+00
4.767962932586669922e+00
-3.237299680709838867e+00
---
4.339468955993652344e+00
-2.583963572978973389e-01
4.298158645629882812e+00
-1.959229409694671631e-01
3.603270769119262695e+00
-2.108568549156188965e-01
2.988717555999755859e+00
-2.078381329774856567e-01
2.336877346038818359e+00
-2.058525234460830688e-01
1.718516707420349121e+00
-2.039891332387924194e-01
1.113700389862060547e+00
-2.018498927354812622e-01
3.872431218624114990e-01
-1.991864144802093506e-01
3.700331747531890869e-01
4.776075184345245361e-01
-3.471593856811523438e-01
4.906754493713378906e-01
-3.106577098369598389e-01
4.836431443691253662e-01
-1.037731766700744629e+00
4.067365825176239014e-01
-1.549881577491760254e+00
4.055243730545043945e-01
-2.220445871353149414e+00
3.614155948162078857e-01
-2.268746852874755859e+00
1.071299433708190918e+00
-2.949132204055786133e+00
1.083878874778747559e+00
-2.919396400451660156e+00
4.556464254856109619e-01
-3.657571315765380859e+00
2.790481746196746826e-01
-4.257394313812255859e+00
2.662402689456939697e-01
-4.473608970642089844e+00
9.347625374794006348e-01
-5.092770576477050781e+00
9.629787802696228027e-01
-5.843152523040771484e+00
9.111075401306152344e-01
-5.855278015136718750e+00
9.399936199188232422e-01
-6.567627906799316406e+00
7.646877765655517578e-01
-6.801012992858886719e+00
1.470922112464904785e+00
-7.424570083618164062e+00
1.491766810417175293e+00
-8.119915008544921875e+00
1.395496010780334473e+00
-8.175205230712890625e+00
1.445505738258361816e+00
-8.395131111145019531e+00
2.097474813461303711e+00
-8.323473930358886719e+00
2.176197528839111328e+00
-9.035304069519042969e+00
1.987023472785949707e+00
-9.096829414367675781e+00
2.047374486923217773e+00
-9.773580551147460938e+00
1.790432810783386230e+00
-1.047835922241210938e+01
1.659369468688964844e+00
-1.119921588897705078e+01
1.502624034881591797e+00
-1.196399116516113281e+01
1.334425210952758789e+00
-1.205383014678955078e+01
1.405301690101623535e+00
-1.266333007812500000e+01
1.069252252578735352e+00
-1.344093704223632812e+01
7.948484420776367188e-01
-1.359374141693115234e+01
8.786208629608154297e-01
-1.357141304016113281e+01
9.053059816360473633e-01
-1.409191417694091797e+01
3.651728630065917969e-01
-1.491183185577392578e+01
-2.020098417997360229e-01
-1.475757026672363281e+01
-6.492963433265686035e-01
-1.473230075836181641e+01
-8.588459491729736328e-01
-1.477028560638427734e+01
-8.726338744163513184e-01
-1.514546680450439453e+01
-1.562863111495971680e+00
-1.573133182525634766e+01
-2.362661123275756836e+00
-1.592453670501708984e+01
-2.231692314147949219e+00
---
-1.730699539184570312e+01
-2.705939292907714844e+00
-1.722367477416992188e+01
-3.532880544662475586e+00
-1.787992477416992188e+01
-4.046197414398193359e+00
-1.807000541687011719e+01
-5.012177467346191406e+00
-1.801742362976074219e+01
-5.442409515380859375e+00
-1.796270179748535156e+01
-5.480661392211914062e+00
-1.756738662719726562e+01
-6.221292972564697266e+00
-1.732093429565429688e+01
-6.348605155944824219e+00
-1.676661491394042969e+01
-6.979596614837646484e+00
-1.653895759582519531e+01
-6.961284160614013672e+00
-1.595278644561767578e+01
-7.478484153747558594e+00
-1.577745342254638672e+01
-7.368591785430908203e+00
-1.519599437713623047e+01
-7.801692962646484375e+00
-1.504099941253662109e+01
-7.706789970397949219e+00
-1.545839595794677734e+01
-8.375433921813964844e+00
-1.462137317657470703e+01
-8.847693443298339844e+00
-1.444345188140869141e+01
-8.737571716308593750e+00
-1.423997402191162109e+01
-8.097784996032714844e+00
-1.458655929565429688e+01
-8.347653388977050781e+00
---
-1.246285533905029297e+01
-1.108479213714599609e+01
-1.248909187316894531e+01
-1.099545383453369141e+01
-1.174201011657714844e+01
-1.092405700683593750e+01
-1.113459491729736328e+01
-1.090095710754394531e+01
-1.051889133453369141e+01
-1.085394763946533203e+01
-9.868109703063964844e+00
-1.081448936462402344e+01
-9.263813018798828125e+00
-1.078074455261230469e+01
-8.677499771118164062e+00
-1.074542713165283203e+01
-8.041422843933105469e+00
-1.070162296295166016e+01
-8.147075653076171875e+00
-1.111448192596435547e+01
-7.896412372589111328e+00
-1.089101314544677734e+01
-7.169859409332275391e+00
-1.070484256744384766e+01
-7.068531513214111328e+00
-1.084339809417724609e+01
-6.349135398864746094e+00
-1.067249393463134766e+01
-6.357248306274414062e+00
-1.063463878631591797e+01
-6.317942142486572266e+00
-1.088149261474609375e+01
-6.349125385284423828e+00
-1.092327213287353516e+01
-6.365409851074218750e+00
-1.090117454528808594e+01
-5.625626564025878906e+00
-1.083652591705322266e+01
-5.037979602813720703e+00
-1.082727527618408203e+01
-4.482772350311279297e+00
-1.080260372161865234e+01
-3.889287710189819336e+00
-1.077623558044433594e+01
-3.244543790817260742e+00
-1.074531936645507812e+01
-2.688485622406005859e+00
-1.071970653533935547e+01
-1.934762835502624512e+00
-1.067212009429931641e+01
-1.305735707283020020e+00
-1.064531230926513672e+01
-1.243495106697082520e+00
-1.092883014678955078e+01
-1.254908442497253418e+00
-1.094875717163085938e+01
-1.262097239494323730e+00
-1.093411636352539062e+01
---
4.272573947906494141e+00
-7.836348056793212891e+00
4.272633075714111328e+00
-7.834526062011718750e+00
4.448949337005615234e+00
-8.702425956726074219e+00
4.745276451110839844e+00
-9.746594429016113281e+00
4.193416118621826172e+00
-1.036703491210937500e+01
3.991093873977661133e+00
-1.057135581970214844e+01
4.272511005401611328e+00
-1.142705535888671875e+01
3.819575309753417969e+00
-1.200161933898925781e+01
3.700315237045288086e+00
-1.221932506561279297e+01
3.425442457199096680e+00
-1.240002059936523438e+01
3.491064310073852539e+00
-1.247644519805908203e+01
---
5.241288185119628906e+00
-1.418607997894287109e+01
4.445523738861083984e+00
-1.457042217254638672e+01
4.158992767333984375e+00
-1.465139293670654297e+01
4.126417160034179688e+00
-1.468240833282470703e+01
3.379750251770019531e+00
-1.493577575683593750e+01
3.407230377197265625e+00
-1.502784919738769531e+01
---
7.389616489410400391e+00
-1.792520523071289062e+01
7.394295692443847656e+00
-1.791149902343750000e+01
6.720082759857177734e+00
-1.824173164367675781e+01
5.976757526397705078e+00
-1.838317871093750000e+01
5.656072139739990234e+00
-1.753454780578613281e+01
5.268339633941650391e+00
-1.791823577880859375e+01
4.497282505035400391e+00
-1.806156158447265625e+01
4.206865310668945312e+00
-1.722491264343261719e+01
---
2.609687089920043945e+00
-2.047511482238769531e+01
2.792965650558471680e+00
-2.049032974243164062e+01
1.941737890243530273e+00
-2.055324363708496094e+01
2.366209506988525391e+00
-2.044495391845703125e+01
2.285474538803100586e+00
-2.046038818359375000e+01
2.300517797470092773e+00
-2.045359230041503906e+01
1.612953305244445801e+00
-2.044144058227539062e+01
9.363998174667358398e-01
-2.043413925170898438e+01
2.888464629650115967e-01
-2.042594146728515625e+01
-4.695381820201873779e-01
-2.041496658325195312e+01
-1.201407194137573242e+00
-2.040510368347167969e+01
-1.896652340888977051e+00
-2.039719390869140625e+01
-1.926413655281066895e+00
-2.040276718139648438e+01
-2.637413024902343750e+00
-2.047656631469726562e+01
-2.798827648162841797e+00
-1.978663825988769531e+01
-3.420924663543701172e+00
-1.976762390136718750e+01
-4.185437202453613281e+00
-1.981914520263671875e+01
-4.227042198181152344e+00
-1.979609298706054688e+01
-4.357845306396484375e+00
-1.916857528686523438e+01
-4.998812675476074219e+00
-1.911021804809570312e+01
-5.722084999084472656e+00
-1.920524406433105469e+01
-6.449222087860107422e+00
-1.929622268676757812e+01
-6.592115879058837891e+00
-1.927136421203613281e+01
-6.790303707122802734e+00
-1.861105155944824219e+01
-7.386294364929199219e+00
-1.867922973632812500e+01
-8.090847969055175781e+00
-1.882475280761718750e+01
-8.857375144958496094e+00
-1.898021316528320312e+01
-9.264296531677246094e+00
-1.832088088989257812e+01
-9.875080108642578125e+00
-1.830954742431640625e+01
-9.963718414306640625e+00
-1.826961708068847656e+01
-1.040850162506103516e+01
-1.839202308654785156e+01
-1.116307830810546875e+01
-1.851348686218261719e+01
-1.121224975585937500e+01
-1.861310768127441406e+01
-1.120671463012695312e+01
-1.857480430603027344e+01
---
-1.402699279785156250e+01
-2.272077751159667969e+01
-1.403323078155517578e+01
-2.270612335205078125e+01
-1.447164535522460938e+01
-2.216937446594238281e+01
-1.517726993560791016e+01
-2.150527000427246094e+01
-1.513411712646484375e+01
-2.091104507446289062e+01
-1.508333301544189453e+01
-2.065093421936035156e+01
-1.511827278137207031e+01
-2.061247253417968750e+01
-1.512880802154541016e+01
-2.061561203002929688e+01
-1.455781078338623047e+01
-2.027898406982421875e+01
-1.462997627258300781e+01
-1.933485603332519531e+01
---
-1.744599342346191406e+01
-1.842854118347167969e+01
-1.682631874084472656e+01
-1.785989761352539062e+01
-1.650142288208007812e+01
-1.772490310668945312e+01
-1.642887306213378906e+01
-1.768182945251464844e+01
-1.573036575317382812e+01
-1.746784782409667969e+01
-1.554134941101074219e+01
-1.657284927368164062e+01
-1.563089847564697266e+01
-1.614459991455078125e+01
-1.569630336761474609e+01
-1.608227157592773438e+01
-1.571583175659179688e+01
-1.608427047729492188e+01
-1.511630725860595703e+01
-1.580339431762695312e+01
-1.504742527008056641e+01
-1.486011028289794922e+01
---
-1.645255851745605469e+01
-1.402905941009521484e+01
-1.645255851745605469e+01
-1.402905941009521484e+01
---
-1.955529212951660156e+01
-1.119549274444580078e+01
-1.953492164611816406e+01
-1.120345878601074219e+01
---
-1.761130905151367188e+01
-1.108631801605224609e+01
-1.737867164611816406e+01
-1.176285457611083984e+01
-1.740160369873046875e+01
-1.177564907073974609e+01
-1.739520454406738281e+01
-1.177049446105957031e+01
-1.739574432373046875e+01
-1.177197074890136719e+01
-1.739586830139160156e+01
-1.177178668975830078e+01
-1.667765998840332031e+01
-1.155050849914550781e+01
-1.632255363464355469e+01
-1.228582763671875000e+01
---
-1.450196170806884766e+01
-1.036888504028320312e+01
-1.448721408843994141e+01
-1.035067081451416016e+01
-1.376786422729492188e+01
-1.027875423431396484e+01
-1.364590644836425781e+01
-1.095726680755615234e+01
-1.296216392517089844e+01
-1.096606636047363281e+01
-1.305341625213623047e+01
-1.099469566345214844e+01
-1.224480915069580078e+01
-1.081968212127685547e+01
-1.249011421203613281e+01
-1.098871803283691406e+01
-1.165511798858642578e+01
-1.084621715545654297e+01
-1.125435543060302734e+01
-1.089487075805664062e+01
-1.083783340454101562e+01
-1.086422920227050781e+01
-1.036620903015136719e+01
-1.086747169494628906e+01
-9.909670829772949219e+00
-1.085862255096435547e+01
-9.409315109252929688e+00
-1.085005569458007812e+01
-8.904257774353027344e+00
-1.083230209350585938e+01
-8.292431831359863281e+00
-1.080988121032714844e+01
-7.793406009674072266e+00
-1.079993724822998047e+01
-7.221441268920898438e+00
-1.077255439758300781e+01
-6.580090999603271484e+00
-1.074023056030273438e+01
-5.958209514617919922e+00
-1.072074031829833984e+01
-5.428207397460937500e+00
-1.070324802398681641e+01
-4.829812049865722656e+00
-1.067503166198730469e+01
-4.243391513824462891e+00
-1.065425777435302734e+01
-3.667781829833984375e+00
-1.062820625305175781e+01
-3.043325662612915039e+00
-1.059829425811767578e+01
-2.463686943054199219e+00
-1.057471370697021484e+01
-1.823833584785461426e+00
-1.054413223266601562e+01
-1.289269566535949707e+00
-1.052832031250000000e+01
-1.368523716926574707e+00
-1.055857753753662109e+01
-1.354650974273681641e+00
-1.054340648651123047e+01
-1.354546427726745605e+00
-1.054813671112060547e+01
-1.355072259902954102e+00
-1.054714298248291016e+01
-1.354886770248413086e+00
-1.054737377166748047e+01
-1.354920625686645508e+00
-1.054737377166748047e+01
-1.427277445793151855e+00
-9.860809326171875000e+00
-1.392538309097290039e+00
-9.872312545776367188e+00
---
5.101284027099609375e+00
-9.290781974792480469e+00
5.096059322357177734e+00
-9.291110992431640625e+00
5.091521263122558594e+00
-8.374940872192382812e+00
5.088145732879638672e+00
-7.237319946289062500e+00
5.085470676422119141e+00
-6.042315483093261719e+00
5.077743530273437500e+00
-5.610476016998291016e+00
5.051329135894775391e+00
-5.533236980438232422e+00
5.817393779754638672e+00
-5.518185138702392578e+00
5.823318481445312500e+00
-5.517458438873291016e+00
---
6.423594951629638672e+00
-4.681364536285400391e+00
6.018568515777587891e+00
-4.822906970977783203e+00
---
6.928317546844482422e+00
-6.321728229522705078e-01
7.007006645202636719e+00
-5.847473144531250000e-01
6.223936557769775391e+00
-5.442922711372375488e-01
5.825003623962402344e+00
-5.495397448539733887e-01
5.177997112274169922e+00
-5.094306468963623047e-01
4.482775211334228516e+00
-4.748072624206542969e-01
3.836646318435668945e+00
-4.507862329483032227e-01
3.239729881286621094e+00
-4.297056794166564941e-01
2.692379951477050781e+00
-4.116723239421844482e-01
2.752329111099243164e+00
-4.412779211997985840e-01
2.709941864013671875e+00
2.157819718122482300e-01
1.991770267486572266e+00
3.451458811759948730e-01
1.452185153961181641e+00
3.240411579608917236e-01
8.376439213752746582e-01
3.267066776752471924e-01
1.661008000373840332e-01
3.259982466697692871e-01
-3.486422002315521240e-01
3.258882462978363037e-01
-2.949935495853424072e-01
3.240971565246582031e-01
-1.057463407516479492e+00
2.254026681184768677e-01
-1.154690146446228027e+00
9.420731067657470703e-01
-1.814529776573181152e+00
9.572317004203796387e-01
-2.474103450775146484e+00
9.117467403411865234e-01
-3.127547025680541992e+00
8.719145059585571289e-01
-3.797959566116333008e+00
8.279746770858764648e-01
-4.410388469696044922e+00
7.918236255645751953e-01
-5.112604618072509766e+00
7.400755286216735840e-01
-5.737045764923095703e+00
7.026602625846862793e-01
-6.466257095336914062e+00
6.437653899192810059e-01
-6.490137577056884766e+00
6.779605746269226074e-01
-6.480806827545166016e+00
6.712995171546936035e-01
-7.215650558471679688e+00
5.733456015586853027e-01
-7.852189064025878906e+00
5.413658618927001953e-01
-8.509297370910644531e+00
4.932347834110260010e-01
-8.525824546813964844e+00
5.294455289840698242e-01
-8.523208618164062500e+00
5.239260196685791016e-01
-9.248715400695800781e+00
4.268545508384704590e-01
-9.422282218933105469e+00
1.136049389839172363e+00
-1.001862716674804688e+01
1.100120902061462402e+00
-1.010845470428466797e+01
1.122676372528076172e+00
-1.080799198150634766e+01
9.411653876304626465e-01
-1.146692466735839844e+01
8.677851557731628418e-01
-1.214217472076416016e+01
7.733566164970397949e-01
-1.221310997009277344e+01
8.231348395347595215e-01
-1.288638877868652344e+01
5.411284565925598145e-01
-1.296778488159179688e+01
6.350301504135131836e-01
-1.293981170654296875e+01
6.423112154006958008e-01
-1.353876876831054688e+01
1.639587134122848511e-01
-1.375769615173339844e+01
1.898846179246902466e-01
-1.425353336334228516e+01
-2.832834422588348389e-01
-1.452441120147705078e+01
-3.443606197834014893e-01
-1.500059032440185547e+01
-9.130634069442749023e-01
---
-1.742867469787597656e+01
-1.282916665077209473e+00
-1.736343002319335938e+01
-2.166896820068359375e+00
-1.799771118164062500e+01
-2.659600257873535156e+00
-1.820655632019042969e+01
-3.670637130737304688e+00
-1.815218162536621094e+01
-4.051308631896972656e+00
-1.809852790832519531e+01
-4.086928844451904297e+00
-1.808938980102539062e+01
-4.079805850982666016e+00
-1.783208656311035156e+01
-4.880038261413574219e+00
-1.737571716308593750e+01
-5.875836849212646484e+00
-1.712918281555175781e+01
-6.084220886230468750e+00
-1.668724060058593750e+01
-6.812646865844726562e+00
-1.609733200073242188e+01
-7.614092350006103516e+00
-1.576590919494628906e+01
-7.816388607025146484e+00
-1.572471141815185547e+01
-7.763100624084472656e+00
-1.573689079284667969e+01
-7.754877090454101562e+00
-1.620752143859863281e+01
-8.353955268859863281e+00
-1.610301589965820312e+01
-8.510307312011718750e+00
-1.608975410461425781e+01
-8.465969085693359375e+00
-1.539258003234863281e+01
-8.767202377319335938e+00
-1.536085796356201172e+01
-8.631519317626953125e+00
-1.465323734283447266e+01
-8.861291885375976562e+00
-1.400384616851806641e+01
-8.898286819458007812e+00
-1.399502277374267578e+01
-9.124212265014648438e+00
-1.331846618652343750e+01
-9.404191017150878906e+00
-1.337391567230224609e+01
-9.265851020812988281e+00
-1.260441303253173828e+01
-9.417643547058105469e+00
-1.214227867126464844e+01
-9.390906333923339844e+00
-1.151089477539062500e+01
-9.456562042236328125e+00
-1.088465404510498047e+01
-9.498600959777832031e+00
-1.094136619567871094e+01
-9.447607040405273438e+00
-1.016921234130859375e+01
-9.492662429809570312e+00
-1.018973445892333984e+01
-1.015849685668945312e+01
-9.430654525756835938e+00
-1.015954780578613281e+01
-8.879593849182128906e+00
-1.016930389404296875e+01
-8.250489234924316406e+00
-1.017960166931152344e+01
-7.701775550842285156e+00
-1.018705177307128906e+01
-7.113262653350830078e+00
-1.019914722442626953e+01
-6.421672821044921875e+00
-1.021264457702636719e+01
-6.531332969665527344e+00
-1.019317150115966797e+01
-5.755282402038574219e+00
-1.012925148010253906e+01
-5.664900302886962891e+00
-1.086081790924072266e+01
-5.008520126342773438e+00
-1.073523139953613281e+01
-4.342796325683593750e+00
-1.072128295898437500e+01
-3.754666566848754883e+00
-1.069876289367675781e+01
-3.098384857177734375e+00
-1.067420959472656250e+01
-2.578665971755981445e+00
-1.066234970092773438e+01
-1.958854913711547852e+00
-1.063052845001220703e+01
-1.241180777549743652e+00
-1.059710884094238281e+01
-1.290825486183166504e+00
-1.062820911407470703e+01
-5.068862438201904297e-01
-1.064781951904296875e+01
---
2.741869688034057617e+00
-8.264306068420410156e+00
2.753206014633178711e+00
-8.259951591491699219e+00
3.286133289337158203e+00
-8.919569015502929688e+00
3.517555713653564453e+00
-8.883563995361328125e+00
2.857026338577270508e+00
-9.192110061645507812e+00
3.085091114044189453e+00
-1.024967002868652344e+01
3.380012512207031250e+00
-1.040441131591796875e+01
3.406874656677246094e+00
-1.033995819091796875e+01
2.684107542037963867e+00
-1.071986675262451172e+01
3.008585453033447266e+00
-1.183689689636230469e+01
3.317188024520874023e+00
-1.189722537994384766e+01
3.323073148727416992e+00
-1.183021259307861328e+01
3.310304164886474609e+00
-1.182007217407226562e+01
3.569419384002685547e+00
-1.260019397735595703e+01
4.116662025451660156e+00
-1.372378349304199219e+01
3.698075056076049805e+00
-1.419609355926513672e+01
2.882349252700805664e+00
-1.463010978698730469e+01
2.882197856903076172e+00
-1.463474369049072266e+01
---
3.396537303924560547e+00
-1.505037689208984375e+01
---
3.410189151763916016e+00
-1.507138633728027344e+01
---
3.427059173583984375e+00
-1.509873867034912109e+01
---
5.622151851654052734e+00
-2.048016357421875000e+01
5.764128208160400391e+00
-2.048545074462890625e+01
5.653990745544433594e+00
-1.979833602905273438e+01
5.020642280578613281e+00
-1.992750358581542969e+01
4.992250442504882812e+00
-1.990339279174804688e+01
4.324640274047851562e+00
-2.002909469604492188e+01
4.060760498046875000e+00
-1.932555007934570312e+01
3.415073394775390625e+00
-1.937949752807617188e+01
3.587451696395874023e+00
-1.930190467834472656e+01
2.799430131912231445e+00
-1.955482292175292969e+01
2.848941087722778320e+00
-1.942445564270019531e+01
2.130393266677856445e+00
-1.957735633850097656e+01
1.471725463867187500e+00
-1.960745811462402344e+01
8.044883608818054199e-01
-1.966239166259765625e+01
1.470621824264526367e-01
-1.971291542053222656e+01
-5.006856918334960938e-01
-1.975973129272460938e+01
-1.149205684661865234e+00
-1.981047821044921875e+01
-1.284666895866394043e+00
-1.913318443298339844e+01
-1.946070551872253418e+00
-1.915045547485351562e+01
-1.904711842536926270e+00
-1.910204696655273438e+01
-2.610339403152465820e+00
-1.931988525390625000e+01
-2.936903953552246094e+00
-1.860737800598144531e+01
-3.561481475830078125e+00
-1.863537979125976562e+01
-4.213352680206298828e+00
-1.872462844848632812e+01
-4.856083393096923828e+00
-1.881596374511718750e+01
-5.557389259338378906e+00
-1.892227935791015625e+01
-5.568391799926757812e+00
-1.884784126281738281e+01
-5.821171283721923828e+00
-1.820250129699707031e+01
-6.404604911804199219e+00
-1.836326408386230469e+01
-7.070167541503906250e+00
-1.849475097656250000e+01
-7.447065353393554688e+00
-1.779040145874023438e+01
-7.979313850402832031e+00
-1.789580535888671875e+01
-8.677299499511718750e+00
-1.804907798767089844e+01
-9.394719123840332031e+00
-1.820998382568359375e+01
-1.011768245697021484e+01
-1.836858367919921875e+01
-1.079049873352050781e+01
-1.850719261169433594e+01
-1.119800281524658203e+01
-1.859014892578125000e+01
-1.132387638092041016e+01
-1.804729652404785156e+01
-1.101677799224853516e+01
-1.764133644104003906e+01
-1.115891075134277344e+01
-1.766547966003417969e+01
-1.135704708099365234e+01
-1.723675727844238281e+01
-1.108409500122070312e+01
-1.704331016540527344e+01
-1.117339706420898438e+01
-1.730974388122558594e+01
---
-1.639754867553710938e+01
-2.147094154357910156e+01
-1.605074310302734375e+01
-2.068286514282226562e+01
-1.598089313507080078e+01
-2.034951972961425781e+01
-1.598782062530517578e+01
-2.030248260498046875e+01
-1.623902702331542969e+01
-1.954512405395507812e+01
-1.593515968322753906e+01
-1.907252883911132812e+01
-1.593515968322753906e+01
-1.907252883911132812e+01
---
-1.635228157043457031e+01
-1.857194137573242188e+01
-1.635027885437011719e+01
-1.856845855712890625e+01
---
-1.634991073608398438e+01
-1.852226257324218750e+01
---
-1.717520713806152344e+01
-1.531964397430419922e+01
-1.645972633361816406e+01
-1.497587490081787109e+01
-1.615174484252929688e+01
-1.491263675689697266e+01
-1.615093231201171875e+01
-1.491103935241699219e+01
---
-1.981309127807617188e+01
-1.168070411682128906e+01
-1.974714469909667969e+01
-1.170866680145263672e+01
---
-1.826791763305664062e+01
-1.112383842468261719e+01
-1.786680412292480469e+01
-1.112976551055908203e+01
-1.797573089599609375e+01
-1.113101673126220703e+01
-1.715990066528320312e+01
-1.099084663391113281e+01
-1.709772109985351562e+01
-1.181189823150634766e+01
-1.643511962890625000e+01
-1.154952335357666016e+01
-1.641149711608886719e+01
-1.160141563415527344e+01
-1.638989448547363281e+01
-1.157053852081298828e+01
-1.638880729675292969e+01
-1.156447696685791016e+01
---
-1.482650089263916016e+01
-1.110825634002685547e+01
-1.498167419433593750e+01
-1.105881786346435547e+01
-1.417207336425781250e+01
-1.096981811523437500e+01
-1.372868347167968750e+01
-1.099051856994628906e+01
-1.316530132293701172e+01
-1.094440650939941406e+01
-1.253779983520507812e+01
-1.091333484649658203e+01
-1.198377704620361328e+01
-1.089152717590332031e+01
-1.142842292785644531e+01
-1.086025619506835938e+01
-1.077394485473632812e+01
-1.081447601318359375e+01
-1.015739059448242188e+01
-1.078224468231201172e+01
-9.558355331420898438e+00
-1.074860095977783203e+01
-8.970204353332519531e+00
-1.071340084075927734e+01
-8.323302268981933594e+00
-1.066793537139892578e+01
-8.253346443176269531e+00
-1.131183052062988281e+01
-8.209280967712402344e+00
-1.125228595733642578e+01
-8.019906997680664062e+00
-1.097647666931152344e+01
-7.954679489135742188e+00
-1.094847106933593750e+01
-7.694654941558837891e+00
-1.074722480773925781e+01
-6.877611637115478516e+00
-1.064594554901123047e+01
-6.295967102050781250e+00
-1.065493774414062500e+01
-5.608355522155761719e+00
-1.065195941925048828e+01
-5.021118640899658203e+00
-1.065053653717041016e+01
-4.348730087280273438e+00
-1.064833831787109375e+01
-3.805414915084838867e+00
-1.064717769622802734e+01
-3.152875900268554688e+00
-1.064484882354736328e+01
-2.563430070877075195e+00
-1.064459419250488281e+01
-2.263214111328125000e+00
-1.064478588104248047e+01
-2.215132474899291992e+00
-9.981553077697753906e+00
-1.512840390205383301e+00
-9.901860237121582031e+00
-1.516795158386230469e+00
-9.914343833923339844e+00
-1.515321731567382812e+00
-9.908842086791992188e+00
-1.515017390251159668e+00
-9.910158157348632812e+00
-1.409185051918029785e+00
-1.058675193786621094e+01
-1.458073973655700684e+00
-1.059559154510498047e+01
-1.460693120956420898e+00
-9.899200439453125000e+00
-1.460599899291992188e+00
-9.644365310668945312e+00
---
5.159158706665039062e+00
-9.801248550415039062e+00
5.944704055786132812e+00
-9.702795028686523438e+00
6.208044528961181641e+00
-8.784857749938964844e+00
6.181942462921142578e+00
-8.424917221069335938e+00
5.894505023956298828e+00
-7.587388038635253906e+00
6.348871231079101562e+00
-6.998551368713378906e+00
6.264756202697753906e+00
-6.888854026794433594e+00
---
4.941680908203125000e+00
-5.336204528808593750e+00
5.630464553833007812e+00
-4.821992397308349609e+00
5.958099842071533203e+00
-4.697031497955322266e+00
6.011399269104003906e+00
-4.657841205596923828e+00
6.014380931854248047e+00
-4.646406173706054688e+00
5.674461364746093750e+00
-3.951600551605224609e+00
5.424990653991699219e+00
-3.751034975051879883e+00
5.372283935546875000e+00
-3.778071880340576172e+00
4.864168643951416016e+00
-3.250921487808227539e+00
4.722540378570556641e+00
-3.213765144348144531e+00
4.734130859375000000e+00
-3.229591608047485352e+00
---
4.325345516204833984e+00
-3.857037983834743500e-03
3.736461162567138672e+00
-3.331231651827692986e-03
3.131422758102416992e+00
-3.516108263283967972e-03
2.577078104019165039e+00
-3.561007557436823845e-03
1.932384014129638672e+00
-3.672323189675807953e-03
1.294761419296264648e+00
-3.756229532882571220e-03
6.781175136566162109e-01
-3.840078599750995636e-03
7.346603274345397949e-02
-3.941947594285011292e-03
-6.454619169235229492e-01
-4.060705192387104034e-03
-1.262666821479797363e+00
-4.148887470364570618e-03
-1.259635925292968750e+00
-5.185790359973907471e-03
-1.264765143394470215e+00
-7.242540363222360611e-03
-1.266109108924865723e+00
6.785112619400024414e-01
-1.266721367835998535e+00
6.928187608718872070e-01
-1.989147901535034180e+00
5.937877893447875977e-01
-2.662204504013061523e+00
5.632625818252563477e-01
-3.251765251159667969e+00
5.276079177856445312e-01
-3.895236492156982422e+00
4.809477925300598145e-01
-4.547715187072753906e+00
4.360124766826629639e-01
-5.230967998504638672e+00
3.879167735576629639e-01
-5.376203536987304688e+00
1.112156271934509277e+00
-5.315860271453857422e+00
1.077656626701354980e+00
-6.067432880401611328e+00
8.665415644645690918e-01
-6.072489261627197266e+00
9.678023457527160645e-01
-6.793859004974365234e+00
8.302962779998779297e-01
-7.401992797851562500e+00
8.020755052566528320e-01
-8.068746566772460938e+00
7.410562634468078613e-01
-8.812985420227050781e+00
6.700919866561889648e-01
-9.463062286376953125e+00
6.285089850425720215e-01
-9.617304801940917969e+00
1.317538022994995117e+00
-9.568435668945312500e+00
1.377115130424499512e+00
-1.031149482727050781e+01
1.134252190589904785e+00
-1.054920673370361328e+01
1.934407711029052734e+00
-1.113411808013916016e+01
1.816781759262084961e+00
-1.115819072723388672e+01
1.888424038887023926e+00
-1.178069782257080078e+01
1.593316912651062012e+00
-1.253713703155517578e+01
1.379403233528137207e+00
-1.269957828521728516e+01
1.440475583076477051e+00
-1.327163791656494141e+01
1.068493247032165527e+00
-1.346999645233154297e+01
1.109866499900817871e+00
-1.400996398925781250e+01
6.671569943428039551e-01
-1.425337123870849609e+01
6.660573482513427734e-01
-1.426000118255615234e+01
7.147987484931945801e-01
-1.471923542022705078e+01
1.857595145702362061e-02
-1.543853950500488281e+01
-7.110964655876159668e-01
-1.573258304595947266e+01
-7.527246475219726562e-01
-1.509981155395507812e+01
-1.000869035720825195e+00
-1.512548351287841797e+01
-2.039463996887207031e+00
-1.615300750732421875e+01
-2.129314661026000977e+00
-1.643928337097167969e+01
-1.916580915451049805e+00
---
-1.713604545593261719e+01
-4.534598827362060547e+00
-1.714127540588378906e+01
-5.676744461059570312e+00
-1.713581275939941406e+01
-6.112055301666259766e+00
-1.710698699951171875e+01
-6.177879333496093750e+00
-1.680703735351562500e+01
-7.011123657226562500e+00
-1.660904121398925781e+01
-7.191403865814208984e+00
-1.655903434753417969e+01
-7.173691749572753906e+00
-1.717105865478515625e+01
-7.602779865264892578e+00
-1.723744010925292969e+01
-7.848874568939208984e+00
-1.718147850036621094e+01
-7.849232196807861328e+00
-1.674694633483886719e+01
-7.235239505767822266e+00
-1.624409294128417969e+01
-7.479303359985351562e+00
-1.615714263916015625e+01
-7.373147487640380859e+00
-1.550580883026123047e+01
-7.729369163513183594e+00
-1.481604671478271484e+01
-7.866106986999511719e+00
-1.477942371368408203e+01
-7.747881889343261719e+00
---
-1.332745456695556641e+01
-1.067359066009521484e+01
-1.348443317413330078e+01
-1.056692218780517578e+01
-1.267525100708007812e+01
-1.050049018859863281e+01
-1.281062698364257812e+01
-1.128488254547119141e+01
-1.208738040924072266e+01
-1.088350296020507812e+01
-1.158180904388427734e+01
-1.097340297698974609e+01
-1.098196792602539062e+01
-1.091488456726074219e+01
-1.044992065429687500e+01
-1.090156841278076172e+01
-9.840047836303710938e+00
-1.086477851867675781e+01
-9.300821304321289062e+00
-1.084258365631103516e+01
-8.686942100524902344e+00
-1.080701351165771484e+01
-8.135926246643066406e+00
-1.077999591827392578e+01
-7.509345531463623047e+00
-1.074213886260986328e+01
-7.614243030548095703e+00
-1.079179382324218750e+01
-6.876653194427490234e+00
-1.056931114196777344e+01
-6.787326335906982422e+00
-1.109546756744384766e+01
-6.877192974090576172e+00
-1.073185729980468750e+01
---
-5.177976608276367188e+00
-1.013709831237792969e+01
-4.385512828826904297e+00
-1.027372264862060547e+01
-4.353239059448242188e+00
-1.023721504211425781e+01
-3.633295774459838867e+00
-1.023513412475585938e+01
-3.020188808441162109e+00
-1.023117446899414062e+01
-2.465780973434448242e+00
-1.022632503509521484e+01
-1.840342164039611816e+00
-1.021966075897216797e+01
-1.220003128051757812e+00
-1.021537780761718750e+01
-7.539631724357604980e-01
-1.021348857879638672e+01
-7.453290224075317383e-01
-1.090417098999023438e+01
-7.654809951782226562e-01
-1.041131210327148438e+01
---
3.119514465332031250e+00
-8.083777427673339844e+00
3.138141632080078125e+00
-8.042646408081054688e+00
2.570153713226318359e+00
-8.404913902282714844e+00
2.978815793991088867e+00
-9.422245979309082031e+00
3.282917737960815430e+00
-9.462759017944335938e+00
3.289973258972167969e+00
-9.397967338562011719e+00
3.276038646697998047e+00
-9.392655372619628906e+00
3.588148355484008789e+00
-1.013198661804199219e+01
4.177057743072509766e+00
-1.111336231231689453e+01
4.492907524108886719e+00
-1.129358386993408203e+01
3.766400575637817383e+00
-1.147626781463623047e+01
3.671291112899780273e+00
-1.251016044616699219e+01
3.805116415023803711e+00
-1.283271217346191406e+01
4.212679862976074219e+00
-1.363897800445556641e+01
4.477380752563476562e+00
-1.378984355926513672e+01
3.750519275665283203e+00
-1.396373844146728516e+01
3.623367786407470703e+00
-1.502617740631103516e+01
3.919022083282470703e+00
-1.615597152709960938e+01
4.109972953796386719e+00
-1.651452064514160156e+01
4.156672000885009766e+00
-1.657222747802734375e+01
4.162642478942871094e+00
-1.658322334289550781e+01
4.162207603454589844e+00
-1.658539390563964844e+01
3.422960042953491211e+00
-1.623686408996582031e+01
---
4.670542716979980469e+00
-2.001898193359375000e+01
4.803586959838867188e+00
-2.010500526428222656e+01
4.031373500823974609e+00
-2.018110847473144531e+01
4.024384021759033203e+00
-1.943501091003417969e+01
3.338984251022338867e+00
-1.955599403381347656e+01
3.422401905059814453e+00
-1.950068283081054688e+01
2.654231548309326172e+00
-1.970186042785644531e+01
2.525255918502807617e+00
-1.934241104125976562e+01
1.868988275527954102e+00
-1.977987098693847656e+01
1.859769701957702637e+00
-1.966758728027343750e+01
1.115651369094848633e+00
-1.978898239135742188e+01
6.589239239692687988e-01
-1.977087783813476562e+01
-6.542420387268066406e-02
-1.982464218139648438e+01
-6.510913968086242676e-01
-1.984548950195312500e+01
-1.242967724800109863e+00
-1.988071632385253906e+01
-1.868733286857604980e+00
-1.991863632202148438e+01
-2.527718782424926758e+00
-1.995986175537109375e+01
-3.174460649490356445e+00
-1.999985504150390625e+01
-3.261929512023925781e+00
-1.929186630249023438e+01
-3.921727180480957031e+00
-1.934768295288085938e+01
-3.927220344543457031e+00
-1.931478881835937500e+01
-4.630925655364990234e+00
-1.949231910705566406e+01
-4.895095825195312500e+00
-1.875268554687500000e+01
-5.465859413146972656e+00
-1.887120056152343750e+01
-6.191648960113525391e+00
-1.895991706848144531e+01
-6.152309417724609375e+00
-1.888642120361328125e+01
-6.388538837432861328e+00
-1.824904632568359375e+01
-6.943290710449218750e+00
-1.842422485351562500e+01
-7.621781349182128906e+00
-1.853323554992675781e+01
-8.291608810424804688e+00
-1.865647888183593750e+01
-8.966891288757324219e+00
-1.878742218017578125e+01
-9.337542533874511719e+00
-1.804910278320312500e+01
-9.883185386657714844e+00
-1.820070648193359375e+01
-1.056795978546142578e+01
-1.832632637023925781e+01
-1.118108749389648438e+01
-1.843674659729003906e+01
-1.121328258514404297e+01
-1.852372169494628906e+01
-1.121978759765625000e+01
-1.852495956420898438e+01
---
-1.224664402008056641e+01
-1.977971839904785156e+01
---
-1.656247138977050781e+01
-2.205754280090332031e+01
-1.666871070861816406e+01
-2.173103904724121094e+01
-1.671897888183593750e+01
-2.170141029357910156e+01
-1.596162700653076172e+01
-2.158196258544921875e+01
-1.570201778411865234e+01
-2.063538360595703125e+01
-1.573649024963378906e+01
-2.028349876403808594e+01
-1.578203201293945312e+01
-2.022870826721191406e+01
-1.511580657958984375e+01
-1.989210319519042969e+01
-1.518882083892822266e+01
-1.900486564636230469e+01
---
-1.635633087158203125e+01
-1.863069343566894531e+01
-1.635471725463867188e+01
-1.862895011901855469e+01
---
-1.712543869018554688e+01
-1.735080337524414062e+01
---
-1.711999893188476562e+01
-1.611260223388671875e+01
-1.712418365478515625e+01
-1.580562973022460938e+01
-1.713967895507812500e+01
-1.574778556823730469e+01
-1.636391067504882812e+01
-1.573322105407714844e+01
-1.595080375671386719e+01
-1.490652179718017578e+01
-1.594689273834228516e+01
-1.489321613311767578e+01
---
-1.948666572570800781e+01
-1.126131534576416016e+01
---
-1.824609184265136719e+01
-1.023962593078613281e+01
-1.832703971862792969e+01
-1.023962593078613281e+01
-1.757690811157226562e+01
-1.023962593078613281e+01
-1.700182342529296875e+01
-1.023962593078613281e+01
-1.647908973693847656e+01
-1.023962593078613281e+01
-1.591785717010498047e+01
-1.023962593078613281e+01
-1.531132316589355469e+01
-1.023962593078613281e+01
-1.475337028503417969e+01
-1.023962593078613281e+01
-1.413975906372070312e+01
-1.023962593078613281e+01
-1.356205749511718750e+01
-1.023962593078613281e+01
-1.362626838684082031e+01
-1.023758029937744141e+01
-1.352249622344970703e+01
-1.092301368713378906e+01
-1.284312725067138672e+01
-1.083403205871582031e+01
-1.231926345825195312e+01
-1.084394836425781250e+01
-1.173209667205810547e+01
-1.081330394744873047e+01
-1.116803932189941406e+01
-1.079702281951904297e+01
-1.061276817321777344e+01
-1.077890586853027344e+01
-1.008088302612304688e+01
-1.075810623168945312e+01
-9.434392929077148438e+00
-1.072464084625244141e+01
-8.860950469970703125e+00
-1.070971393585205078e+01
-8.340376853942871094e+00
-1.068874168395996094e+01
-7.705471515655517578e+00
-1.065472888946533203e+01
-7.125508308410644531e+00
-1.063087844848632812e+01
-6.494124412536621094e+00
-1.059473705291748047e+01
-6.450217247009277344e+00
-1.092782211303710938e+01
-5.764016151428222656e+00
-1.064583015441894531e+01
-5.633360385894775391e+00
-1.094253158569335938e+01
-4.845919132232666016e+00
-1.081623268127441406e+01
-4.267726421356201172e+00
-1.079607486724853516e+01
-4.197707176208496094e+00
-1.108483982086181641e+01
-3.603163957595825195e+00
-1.080859565734863281e+01
-3.570292234420776367e+00
-1.088120079040527344e+01
-3.572751283645629883e+00
-1.089054870605468750e+01
-3.571089982986450195e+00
-1.089000320434570312e+01
---
-1.511438846588134766e+00
-1.024044418334960938e+01
-1.511767506599426270e+00
-1.024023151397705078e+01
-7.742239832878112793e-01
-1.024142837524414062e+01
-8.538306355476379395e-01
-1.023879528045654297e+01
-8.047807216644287109e-02
-1.014135360717773438e+01
-1.497105509042739868e-01
-1.019347381591796875e+01
6.131278872489929199e-01
-9.984927177429199219e+00
3.922095894813537598e-01
-9.456696510314941406e+00
4.651551842689514160e-01
-9.447520256042480469e+00
1.115006089210510254e+00
-9.208377838134765625e+00
1.025542259216308594e+00
-8.643853187561035156e+00
1.106307268142700195e+00
-8.627703666687011719e+00
---
5.877054214477539062e+00
-8.941272735595703125e+00
6.196750164031982422e+00
-8.721845626831054688e+00
6.247004032135009766e+00
-8.669859886169433594e+00
6.038740634918212891e+00
-7.868027210235595703e+00
5.654282093048095703e+00
-6.809717178344726562e+00
5.426865577697753906e+00
-6.462370395660400391e+00
5.366052150726318359e+00
-6.411135673522949219e+00
5.267603874206542969e+00
-5.574681758880615234e+00
5.795050144195556641e+00
-5.142244338989257812e+00
5.792515754699707031e+00
-5.132035255432128906e+00
---
7.185613632202148438e+00
-3.578512191772460938e+00
7.180874347686767578e+00
-3.585747957229614258e+00
6.599637508392333984e+00
-3.064236164093017578e+00
6.401582717895507812e+00
-3.118139982223510742e+00
5.809088230133056641e+00
-2.742914438247680664e+00
5.093355655670166016e+00
-2.455416440963745117e+00
4.904358863830566406e+00
-2.502883434295654297e+00
5.265632629394531250e+00
-1.893302917480468750e+00
4.478568077087402344e+00
-1.403880119323730469e+00
4.315807819366455078e+00
-1.501204490661621094e+00
4.354966640472412109e+00
-1.508104324340820312e+00
3.630880117416381836e+00
-1.335596919059753418e+00
2.963018178939819336e+00
-1.276642680168151855e+00
2.288463592529296875e+00
-1.190699100494384766e+00
1.618221044540405273e+00
-1.117958903312683105e+00
1.652029991149902344e+00
-1.188896298408508301e+00
8.870335817337036133e-01
-1.092134237289428711e+00
1.104765057563781738e+00
-5.111657977104187012e-01
3.273630738258361816e-01
-3.433126509189605713e-01
-1.972558945417404175e-01
-3.457359373569488525e-01
-9.034459590911865234e-01
-2.946140170097351074e-01
-9.866688251495361328e-01
-3.158364892005920410e-01
-1.661783576011657715e+00
-3.232100307941436768e-01
-1.830407261848449707e+00
3.609555661678314209e-01
-2.495317697525024414e+00
3.266580402851104736e-01
-3.193807363510131836e+00
3.215065598487854004e-01
-3.170769929885864258e+00
3.227474391460418701e-01
-3.916313648223876953e+00
2.197748571634292603e-01
-4.056927680969238281e+00
9.332603216171264648e-01
-4.698114871978759766e+00
8.999397754669189453e-01
-5.350967407226562500e+00
8.519229888916015625e-01
-6.097101211547851562e+00
7.946056127548217773e-01
-6.752234935760498047e+00
7.535344362258911133e-01
-7.414764404296875000e+00
7.049366831779479980e-01
-7.479994297027587891e+00
7.315037846565246582e-01
-7.466175556182861328e+00
7.302917838096618652e-01
-8.200489997863769531e+00
6.299555301666259766e-01
-8.846662521362304688e+00
5.971115231513977051e-01
-9.002055168151855469e+00
1.295400381088256836e+00
-9.627734184265136719e+00
1.290159583091735840e+00
-9.712616920471191406e+00
1.307231068611145020e+00
-1.037418842315673828e+01
1.134419560432434082e+00
-1.112124156951904297e+01
1.018663287162780762e+00
-1.184431362152099609e+01
9.097674489021301270e-01
-1.193896198272705078e+01
9.583567380905151367e-01
-1.254503154754638672e+01
6.950606107711791992e-01
-1.333883190155029297e+01
4.684932529926300049e-01
-1.350537300109863281e+01
5.187030434608459473e-01
-1.348415088653564453e+01
5.422371029853820801e-01
-1.405488491058349609e+01
7.166817039251327515e-02
---
-1.746286392211914062e+01
8.425238132476806641e-01
-1.741476821899414062e+01
-3.570632636547088623e-02
-1.720309638977050781e+01
-1.085762500762939453e+00
-1.780574607849121094e+01
-1.750284671783447266e+00
-1.797173500061035156e+01
-2.781062602996826172e+00
-1.790666580200195312e+01
-3.179364442825317383e+00
-1.785302543640136719e+01
-3.214136362075805664e+00
-1.784299087524414062e+01
-3.207375526428222656e+00
-1.862263107299804688e+01
-3.452844142913818359e+00
-1.867035102844238281e+01
-4.462040424346923828e+00
-1.849182319641113281e+01
-4.814270973205566406e+00
-1.802125358581542969e+01
-5.578088760375976562e+00
-1.735167312622070312e+01
-6.443992614746093750e+00
-1.668261146545410156e+01
-7.290678501129150391e+00
-1.639468955993652344e+01
-7.413622856140136719e+00
-1.635459327697753906e+01
-7.364221572875976562e+00
-1.635966110229492188e+01
-7.352087974548339844e+00
-1.636235618591308594e+01
-7.352623939514160156e+00
-1.636235618591308594e+01
-7.353199958801269531e+00
-1.636235618591308594e+01
-7.353200435638427734e+00
-1.565857505798339844e+01
-7.758693218231201172e+00
-1.495565509796142578e+01
-7.913104534149169922e+00
-1.490989685058593750e+01
-7.787544250488281250e+00
-1.423638629913330078e+01
-8.116238594055175781e+00
-1.450508403778076172e+01
-7.729087829589843750e+00
---
-1.363910102844238281e+01
-9.907296180725097656e+00
-1.370379734039306641e+01
-1.069174766540527344e+01
-1.295572280883789062e+01
-1.053305244445800781e+01
-1.303429698944091797e+01
-1.054678535461425781e+01
-1.226369380950927734e+01
-1.045860290527343750e+01
-1.216075611114501953e+01
-1.119024848937988281e+01
-1.148676776885986328e+01
-1.108233451843261719e+01
-1.090959167480468750e+01
-1.107778549194335938e+01
-1.095399379730224609e+01
-1.110057926177978516e+01
-1.020178604125976562e+01
-1.091897964477539062e+01
-1.020339202880859375e+01
-1.099628543853759766e+01
-9.455497741699218750e+00
-1.089354610443115234e+01
-8.857879638671875000e+00
-1.088634967803955078e+01
-8.273657798767089844e+00
-1.086223983764648438e+01
-7.722451686859130859e+00
-1.084180355072021484e+01
-7.088460922241210938e+00
-1.080819892883300781e+01
-6.463079452514648438e+00
-1.078214454650878906e+01
-5.853721141815185547e+00
-1.075442981719970703e+01
-5.254924297332763672e+00
-1.073067855834960938e+01
-4.663697242736816406e+00
-1.070447158813476562e+01
-4.061131477355957031e+00
-1.067439937591552734e+01
-3.425306320190429688e+00
-1.064334774017333984e+01
-2.812017679214477539e+00
-1.061256408691406250e+01
-2.752943038940429688e+00
-1.097578716278076172e+01
-2.828933238983154297e+00
-1.075380611419677734e+01
---
