-3.954022407531738281e+00
-2.363519797654589638e-06
-5.328012466430664062e+00
-4.285001011794520309e-07
-6.032855510711669922e+00
-4.700905833487922791e-07
-6.406394481658935547e+00
-5.738232289331790525e-07
-1.338174152374267578e+01
-2.030342292785644531e+01
-1.669053077697753906e+01
-1.223239612579345703e+01
-1.426064682006835938e+01
-1.981094551086425781e+01
-1.602875900268554688e+01
-1.245678520202636719e+01
-1.633694839477539062e+01
-1.215442943572998047e+01
-1.487597751617431641e+01
-1.968317604064941406e+01
-1.620198822021484375e+01
-1.258258628845214844e+01
-1.635239028930664062e+01
-1.220069408416748047e+01
-1.632360458374023438e+01
-1.223739433288574219e+01
-1.709339332580566406e+01
-7.861771583557128906e+00
-1.655983161926269531e+01
-1.236632919311523438e+01
-1.638591766357421875e+01
-1.219602298736572266e+01
-1.627403450012207031e+01
-1.230378532409667969e+01
-1.632786178588867188e+01
-1.226678085327148438e+01
-1.685949134826660156e+01
-1.180194664001464844e+01
-1.522040843963623047e+01
-1.930023574829101562e+01
-1.634251022338867188e+01
-1.222060871124267578e+01
-1.633504867553710938e+01
-1.221786212921142578e+01
-1.633599662780761719e+01
-1.219810771942138672e+01
-1.633771133422851562e+01
-1.216906452178955078e+01
-1.634139251708984375e+01
-1.211654853820800781e+01
