-3.280547380447387695e+00
-1.154954079538583755e-03
-5.174990653991699219e+00
6.155793089419603348e-03
-5.578487396240234375e+00
-8.804933895589783788e-05
-5.981028079986572266e+00
-5.039478855906054378e-05
-6.403786659240722656e+00
2.964819032058585435e-06
-1.464261341094970703e+01
-1.743480682373046875e+00
2.056346178054809570e+00
-1.211136054992675781e+01
2.573974609375000000e+00
-1.199650478363037109e+01
2.578679084777832031e+00
-1.200706195831298828e+01
2.585867643356323242e+00
-8.468374252319335938e+00
8.444874286651611328e-01
-1.121856498718261719e+01
3.892172813415527344e+00
-1.752573013305664062e+01
-1.157970905303955078e+01
-1.961516761779785156e+01
-1.172332096099853516e+01
-1.964397811889648438e+01
-1.181266117095947266e+01
-1.965089035034179688e+01
-1.191619873046875000e+01
-1.966268157958984375e+01
-1.196128845214843750e+01
-1.964834976196289062e+01
-1.638679504394531250e+01
-1.465090084075927734e+01
7.408874630928039551e-01
-8.866727828979492188e+00
-1.482999706268310547e+01
-7.021229267120361328e+00
-8.920587599277496338e-02
-1.144354248046875000e+01
3.427320718765258789e+00
-1.492821598052978516e+01
-1.482612514495849609e+01
-1.917089271545410156e+01
4.206865310668945312e+00
-1.722491264343261719e+01
-1.462997627258300781e+01
-1.933485603332519531e+01
-1.504742527008056641e+01
-1.486011028289794922e+01
-1.632026481628417969e+01
-1.228582763671875000e+01
-1.392538309097290039e+00
-9.872312545776367188e+00
3.396537303924560547e+00
-1.505037689208984375e+01
3.410189151763916016e+00
-1.507138633728027344e+01
3.430843353271484375e+00
-1.509873867034912109e+01
-1.460599899291992188e+00
-9.644365310668945312e+00
-1.477942371368408203e+01
-7.747881889343261719e+00
3.422960042953491211e+00
-1.623686408996582031e+01
-1.224524974822998047e+01
-1.977957344055175781e+01
-1.518882083892822266e+01
-1.900486564636230469e+01
1.106307268142700195e+00
-8.627703666687011719e+00
-1.450508403778076172e+01
-7.729087829589843750e+00
