2.887627840042114258e+00
-1.251175308227539062e+01
-1.000245666503906250e+01
-1.672304725646972656e+01
-1.168746471405029297e+01
-1.886778831481933594e+01
-1.559020519256591797e+01
-1.438824939727783203e+01
-1.926200103759765625e+01
-1.182973194122314453e+01
-1.926200103759765625e+01
-1.183275032043457031e+01
-7.599086761474609375e+00
-1.147474098205566406e+01
-7.589577674865722656e+00
-1.146523189544677734e+01
-7.543902873992919922e+00
-1.141955947875976562e+01
-1.528942203521728516e+01
-2.846776247024536133e+00
-1.364193344116210938e+01
-7.968796730041503906e+00
-1.005635643005371094e+01
-1.904412269592285156e+01
-1.584200191497802734e+01
-1.843556594848632812e+01
-1.584199810028076172e+01
-1.161699676513671875e+01
-1.572970867156982422e+01
-1.161174774169921875e+01
-7.690391063690185547e+00
-1.156604385375976562e+01
4.111998558044433594e+00
-3.109498739242553711e+00
-7.688673973083496094e+00
-1.156576919555664062e+01
2.922001361846923828e+00
-1.525210380554199219e+01
-1.035477733612060547e+01
-1.901460647583007812e+01
-1.895142364501953125e+01
-1.848825073242187500e+01
-1.869799804687500000e+01
-1.827299499511718750e+01
-1.570998001098632812e+01
-1.438824844360351562e+01
6.918246746063232422e+00
-7.012598514556884766e+00
4.111999034881591797e+00
-3.109498262405395508e+00
-1.543150329589843750e+01
-2.898488998413085938e+00
-1.364193248748779297e+01
-7.968797206878662109e+00
-1.039904117584228516e+00
-1.141987609863281250e+01
2.922001600265502930e+00
-1.251700305938720703e+01
2.922002077102661133e+00
-1.521700286865234375e+01
-1.169020938873291016e+01
-1.845627403259277344e+01
-1.584199905395507812e+01
-1.409665966033935547e+01
-1.925674819946289062e+01
-1.161174678802490234e+01
6.324021339416503906e+00
-5.379987239837646484e+00
6.537152767181396484e+00
-5.272430419921875000e+00
2.677381753921508789e+00
-1.521175003051757812e+01
-1.168645858764648438e+01
-1.695923042297363281e+01
-1.574152469635009766e+01
-1.848824882507324219e+01
-1.584199905395507812e+01
-1.821638679504394531e+01
-1.584199905395507812e+01
-1.820787811279296875e+01
-1.583675098419189453e+01
-1.438824653625488281e+01
-1.926200103759765625e+01
-1.193211650848388672e+01
-1.584200000762939453e+01
-1.184788417816162109e+01
6.739336490631103516e+00
-6.521050453186035156e+00
4.111998558044433594e+00
-3.142522573471069336e+00
-6.336633682250976562e+00
-1.151228713989257812e+01
-1.043903350830078125e+00
-1.141955947875976562e+01
-1.169020938873291016e+01
-1.834022331237792969e+01
-1.584199905395507812e+01
-1.828095626831054688e+01
-1.584199905395507812e+01
-1.827205467224121094e+01
-1.583675098419189453e+01
-1.438824653625488281e+01
-1.560283279418945312e+01
-1.438824939727783203e+01
-3.643903017044067383e+00
-1.141955947875976562e+01
6.324022293090820312e+00
-5.379987239837646484e+00
-1.364193248748779297e+01
-7.968798160552978516e+00
-2.343903064727783203e+00
-1.141955947875976562e+01
