1.000000000000000000e+01
6.200000000000000000e+01
6.400000000000000000e+01
4.000000000000000000e+01
3.800000000000000000e+01
4.300000000000000000e+01
3.800000000000000000e+01
4.200000000000000000e+01
4.500000000000000000e+01
4.600000000000000000e+01
4.500000000000000000e+01
5.500000000000000000e+01
4.800000000000000000e+01
4.600000000000000000e+01
4.700000000000000000e+01
4.700000000000000000e+01
4.800000000000000000e+01
4.400000000000000000e+01
3.800000000000000000e+01
3.800000000000000000e+01
3.400000000000000000e+01
3.300000000000000000e+01
3.300000000000000000e+01
2.300000000000000000e+01
2.600000000000000000e+01
2.800000000000000000e+01
2.700000000000000000e+01
2.300000000000000000e+01
2.500000000000000000e+01
2.600000000000000000e+01
2.800000000000000000e+01
2.900000000000000000e+01
2.800000000000000000e+01
2.400000000000000000e+01
2.300000000000000000e+01
2.500000000000000000e+01
2.700000000000000000e+01
2.300000000000000000e+01
2.400000000000000000e+01
2.000000000000000000e+01
2.000000000000000000e+01
2.300000000000000000e+01
2.700000000000000000e+01
3.000000000000000000e+01
3.200000000000000000e+01
3.200000000000000000e+01
3.000000000000000000e+01
2.800000000000000000e+01
2.800000000000000000e+01
2.300000000000000000e+01
1.020000000000000000e+02
