-3.002851724624633789e+00
-1.485613097429450136e-06
-4.672996997833251953e+00
1.063391209754627198e-06
-4.721846103668212891e+00
1.433941069990396500e-03
-5.420443058013916016e+00
5.034131463617086411e-03
-5.485201835632324219e+00
2.734964946284890175e-03
-6.123324871063232422e+00
5.293810274451971054e-03
-1.439429759979248047e+01
-1.369996190071105957e+00
-1.424226760864257812e+01
-8.094530105590820312e+00
4.444575309753417969e+00
-1.599805259704589844e+01
-1.686225128173828125e+01
-1.563482856750488281e+01
4.736784934997558594e+00
-5.515331745147705078e+00
-1.433485889434814453e+01
-7.854086875915527344e+00
-1.439314556121826172e+01
-7.969646453857421875e+00
4.004687786102294922e+00
-1.591695308685302734e+01
-1.674780654907226562e+01
-1.535305786132812500e+01
-1.210440993309020996e+00
-9.521687507629394531e+00
-1.211797237396240234e+00
-9.532823562622070312e+00
4.524468421936035156e+00
-5.690184593200683594e+00
-1.454348754882812500e+01
-7.662903785705566406e+00
1.998911976814270020e+00
-1.112534618377685547e+01
4.318027973175048828e+00
-1.581458091735839844e+01
-1.678813171386718750e+01
-1.555624866485595703e+01
4.867895603179931641e+00
-5.120893955230712891e+00
-1.578017044067382812e+01
2.521970987319946289e+00
-1.678635025024414062e+01
2.240270853042602539e+00
-1.711836051940917969e+01
2.176647424697875977e+00
-1.442778873443603516e+01
-7.750605106353759766e+00
4.322374820709228516e+00
-1.533450508117675781e+01
-1.702249717712402344e+01
-1.575599861145019531e+01
4.703772544860839844e+00
-5.020060062408447266e+00
-1.602182006835937500e+01
2.621167182922363281e+00
-1.675800895690917969e+01
2.345741271972656250e+00
-1.713996696472167969e+01
2.174470663070678711e+00
-2.748808860778808594e+00
-6.005793809890747070e-01
-1.452346992492675781e+01
-1.012790012359619141e+01
4.251974582672119141e+00
-1.578027057647705078e+01
-1.265565872192382812e+01
-2.011562728881835938e+01
-1.679311561584472656e+01
-1.511919879913330078e+01
4.695646762847900391e+00
-4.759447097778320312e+00
4.679478645324707031e+00
-4.793566226959228516e+00
-1.711904525756835938e+01
2.206598997116088867e+00
-1.492385864257812500e+01
-7.608899593353271484e+00
4.069793224334716797e+00
-1.653499603271484375e+01
-1.226732063293457031e+01
-2.036149215698242188e+01
-1.676688575744628906e+01
-1.558368778228759766e+01
4.885418415069580078e+00
-5.962110996246337891e+00
-1.617434501647949219e+01
2.604665756225585938e+00
-1.690087318420410156e+01
2.254868984222412109e+00
-1.669002151489257812e+01
2.202064990997314453e+00
-1.470349311828613281e+01
-7.760524272918701172e+00
1.039410948753356934e+00
-1.049506568908691406e+01
4.267759323120117188e+00
-1.601605796813964844e+01
-1.235085391998291016e+01
-2.031455993652343750e+01
-1.685823631286621094e+01
-1.508823108673095703e+01
4.661428928375244141e+00
-5.260138034820556641e+00
4.655909538269042969e+00
-5.264069080352783203e+00
4.655268669128417969e+00
-5.266137123107910156e+00
-1.696019744873046875e+01
2.172681331634521484e+00
-1.443428897857666016e+01
-7.964447975158691406e+00
2.142162322998046875e+00
-1.140689659118652344e+01
4.514375686645507812e+00
-1.569838809967041016e+01
-1.227497577667236328e+01
-2.030598831176757812e+01
-1.648295593261718750e+01
-1.521240806579589844e+01
4.709523677825927734e+00
-4.561129093170166016e+00
4.708411216735839844e+00
-4.561288356781005859e+00
-1.459764766693115234e+01
-7.709043979644775391e+00
4.490012168884277344e+00
-1.590672683715820312e+01
-1.678071975708007812e+01
-1.526425170898437500e+01
