5.210229396820068359e+00
-1.818759918212890625e+01
-1.510999965667724609e+01
1.505333423614501953e+00
-1.543150329589843750e+01
-2.898489713668823242e+00
-5.556859374046325684e-01
-9.121624946594238281e+00
-1.704922294616699219e+01
-1.445599746704101562e+01
-1.583674812316894531e+01
-1.161174678802490234e+01
2.358001708984375000e+00
-1.251699638366699219e+01
-1.692929267883300781e+01
-8.546719551086425781e+00
-1.337938404083251953e+01
-8.536645889282226562e+00
7.029986858367919922e+00
-7.285978317260742188e+00
6.996916770935058594e+00
-7.258105278015136719e+00
6.960046291351318359e+00
-7.127442359924316406e+00
5.073473930358886719e+00
-1.856347465515136719e+01
-1.925674819946289062e+01
-1.161174678802490234e+01
-1.510999965667724609e+01
1.656532049179077148e+00
3.742429971694946289e+00
-7.310169696807861328e+00
