-2.393759012222290039e+00
-7.206661393865942955e-06
-3.358833312988281250e+00
3.370432823430746794e-04
-3.818980216979980469e+00
-1.274245907552540302e-03
-4.195191383361816406e+00
-2.944228181149810553e-04
-4.599648475646972656e+00
-4.692030197475105524e-04
-4.996064662933349609e+00
-9.357980161439627409e-05
-5.336593627929687500e+00
1.456546742701902986e-04
-5.746342658996582031e+00
-5.437287036329507828e-04
-6.172699928283691406e+00
-1.156781872850842774e-04
-1.114761924743652344e+01
-4.177645742893218994e-01
-1.500466632843017578e+01
-6.783910274505615234e+00
5.164396762847900391e+00
-1.469129371643066406e+01
-1.740703392028808594e+01
-1.669810104370117188e+01
4.629661560058593750e+00
-5.861231327056884766e+00
4.470119476318359375e+00
-1.485815620422363281e+01
4.898173809051513672e+00
-4.806386947631835938e+00
-1.640118980407714844e+01
2.380982160568237305e+00
-1.713400459289550781e+01
2.279141187667846680e+00
-1.720587730407714844e+01
2.216018438339233398e+00
-1.520687580108642578e+01
-7.408700942993164062e+00
-2.353009134531021118e-01
-1.046893882751464844e+01
5.069150924682617188e+00
-1.513936328887939453e+01
-1.679010009765625000e+01
-1.621532058715820312e+01
4.755633831024169922e+00
-6.135790824890136719e+00
-1.559699916839599609e+01
-5.825549125671386719e+00
-1.371637344360351562e+01
-8.930077552795410156e+00
-1.371356201171875000e+01
-8.928432464599609375e+00
7.027804255485534668e-01
-1.073816394805908203e+01
4.913832664489746094e+00
-1.481377983093261719e+01
-1.661056518554687500e+01
-1.579631805419921875e+01
7.703522443771362305e-01
-7.394191265106201172e+00
9.584942817687988281e+00
-1.014571571350097656e+01
7.882001876831054688e+00
-7.512551307678222656e+00
-1.318237686157226562e+01
-2.967020869255065918e-01
-1.518799877166748047e+01
-6.519948482513427734e+00
-3.043662011623382568e-02
-1.042033195495605469e+01
3.393304347991943359e+00
-7.752878665924072266e+00
-1.134215164184570312e+01
-2.028127479553222656e+01
-1.725575637817382812e+01
-1.676414489746093750e+01
4.270556926727294922e+00
-6.774824619293212891e+00
-2.691731750965118408e-01
-1.056568813323974609e+01
3.595494985580444336e+00
-1.043246936798095703e+01
4.783526897430419922e+00
-1.644224166870117188e+01
-1.037462711334228516e+01
-2.067225837707519531e+01
-1.753754997253417969e+01
-1.690578460693359375e+01
4.755889892578125000e+00
-5.613434791564941406e+00
-1.512341880798339844e+01
-6.347454547882080078e+00
2.276306413114070892e-02
-1.049284934997558594e+01
4.775775432586669922e+00
-1.511751079559326172e+01
-1.618540382385253906e+01
-1.602882194519042969e+01
-1.877066040039062500e+01
-1.106746673583984375e+01
4.789660930633544922e+00
-6.568405151367187500e+00
-1.547081661224365234e+01
-5.863329887390136719e+00
2.566312789916992188e+00
-8.477988243103027344e+00
-1.672026824951171875e+01
-1.583118343353271484e+01
4.007358074188232422e+00
-7.581047058105468750e+00
4.926335334777832031e+00
-5.761837482452392578e+00
-1.491118335723876953e+01
2.130418300628662109e+00
-1.520759963989257812e+01
2.209237575531005859e+00
-1.688489532470703125e+01
2.192968130111694336e+00
