8.599608421325683594e+00
8.929697990417480469e+00
-3.899786233901977539e+00
8.504503250122070312e+00
8.550913810729980469e+00
-9.000000000000000000e+00
-3.899984121322631836e+00
8.402968406677246094e+00
1.130000019073486328e+01
3.246683359146118164e+00
8.599999427795410156e+00
8.737794876098632812e+00
-3.899999380111694336e+00
8.589934349060058594e+00
8.599999427795410156e+00
-9.000000000000000000e+00
-3.900000333786010742e+00
8.680362701416015625e+00
8.599999427795410156e+00
-8.999999046325683594e+00
-3.899999380111694336e+00
8.456960678100585938e+00
-3.899937629699707031e+00
8.362518310546875000e+00
8.558187484741210938e+00
-8.992257118225097656e+00
-3.899766683578491211e+00
8.445868492126464844e+00
8.599999427795410156e+00
8.587698936462402344e+00
8.599999427795410156e+00
9.000000000000000000e+00
-3.900000572204589844e+00
8.708310127258300781e+00
-3.899999618530273438e+00
8.382801055908203125e+00
8.560821533203125000e+00
-8.990892410278320312e+00
8.456441879272460938e+00
-9.000000000000000000e+00
-3.899999856948852539e+00
8.471463203430175781e+00
