5.900000000000000000e+01
7.800000000000000000e+01
7.900000000000000000e+01
7.900000000000000000e+01
7.800000000000000000e+01
7.800000000000000000e+01
7.900000000000000000e+01
7.900000000000000000e+01
7.900000000000000000e+01
7.900000000000000000e+01
7.900000000000000000e+01
7.900000000000000000e+01
7.800000000000000000e+01
7.900000000000000000e+01
7.700000000000000000e+01
7.700000000000000000e+01
7.600000000000000000e+01
7.400000000000000000e+01
7.300000000000000000e+01
7.100000000000000000e+01
7.200000000000000000e+01
6.900000000000000000e+01
6.700000000000000000e+01
6.600000000000000000e+01
6.800000000000000000e+01
6.700000000000000000e+01
6.700000000000000000e+01
6.700000000000000000e+01
6.800000000000000000e+01
6.700000000000000000e+01
6.600000000000000000e+01
6.300000000000000000e+01
6.200000000000000000e+01
5.900000000000000000e+01
5.900000000000000000e+01
5.700000000000000000e+01
5.600000000000000000e+01
5.500000000000000000e+01
5.500000000000000000e+01
5.800000000000000000e+01
5.800000000000000000e+01
5.700000000000000000e+01
5.800000000000000000e+01
5.800000000000000000e+01
5.400000000000000000e+01
5.000000000000000000e+01
4.900000000000000000e+01
4.900000000000000000e+01
5.100000000000000000e+01
5.000000000000000000e+01
1.020000000000000000e+02
