7.700000000000000000e+01
7.700000000000000000e+01
7.300000000000000000e+01
7.500000000000000000e+01
7.100000000000000000e+01
7.400000000000000000e+01
7.100000000000000000e+01
6.200000000000000000e+01
6.200000000000000000e+01
6.000000000000000000e+01
5.700000000000000000e+01
6.200000000000000000e+01
5.300000000000000000e+01
5.800000000000000000e+01
4.900000000000000000e+01
5.000000000000000000e+01
4.900000000000000000e+01
4.800000000000000000e+01
4.800000000000000000e+01
4.300000000000000000e+01
3.900000000000000000e+01
4.000000000000000000e+01
3.600000000000000000e+01
3.700000000000000000e+01
3.500000000000000000e+01
3.800000000000000000e+01
3.400000000000000000e+01
3.200000000000000000e+01
3.000000000000000000e+01
3.000000000000000000e+01
3.000000000000000000e+01
2.900000000000000000e+01
2.700000000000000000e+01
2.800000000000000000e+01
2.600000000000000000e+01
2.500000000000000000e+01
2.600000000000000000e+01
2.700000000000000000e+01
2.700000000000000000e+01
2.200000000000000000e+01
2.100000000000000000e+01
2.400000000000000000e+01
2.400000000000000000e+01
2.200000000000000000e+01
2.200000000000000000e+01
2.100000000000000000e+01
2.100000000000000000e+01
1.600000000000000000e+01
2.000000000000000000e+01
1.600000000000000000e+01
1.020000000000000000e+02
