8.599999427795410156e+00
8.089959144592285156e+00
5.548531532287597656e+00
9.300000190734863281e+00
-6.000001430511474609e-01
-8.800000190734863281e+00
-3.899709463119506836e+00
4.807747840881347656e+00
-3.899721860885620117e+00
6.565885066986083984e+00
-3.899999618530273438e+00
8.815515518188476562e+00
5.400000095367431641e+00
9.299999237060546875e+00
8.599999427795410156e+00
9.000000000000000000e+00
5.417374134063720703e+00
9.273002624511718750e+00
-6.069345474243164062e-01
-8.756497383117675781e+00
-6.599999904632568359e+00
-4.416370391845703125e+00
-3.899407863616943359e+00
4.310828208923339844e+00
-3.899326086044311523e+00
5.162466526031494141e+00
-3.899970054626464844e+00
8.309922218322753906e+00
8.599940299987792969e+00
-1.098547339439392090e+00
1.130011844635009766e+01
1.583258748054504395e+00
8.599926948547363281e+00
8.550414085388183594e+00
-6.000002026557922363e-01
-7.273656368255615234e+00
-3.899760007858276367e+00
4.996767044067382812e+00
-3.900000333786010742e+00
6.634460926055908203e+00
8.599999427795410156e+00
-9.000000000000000000e+00
8.599999427795410156e+00
8.387715339660644531e+00
-6.000000834465026855e-01
-7.697056293487548828e+00
-3.899999856948852539e+00
6.683215141296386719e+00
-3.899999856948852539e+00
6.623963356018066406e+00
-3.899999856948852539e+00
6.137762546539306641e+00
-3.899999618530273438e+00
6.187259197235107422e+00
8.599999427795410156e+00
-1.747462153434753418e+00
8.600001335144042969e+00
8.994854927062988281e+00
5.400000095367431641e+00
9.300000190734863281e+00
5.400000095367431641e+00
9.299999237060546875e+00
-3.898880004882812500e+00
4.565011024475097656e+00
1.130000019073486328e+01
4.527699947357177734e+00
8.584705352783203125e+00
8.970389366149902344e+00
-6.022750139236450195e-01
-7.714200496673583984e+00
-3.897520780563354492e+00
4.376277923583984375e+00
-3.899999856948852539e+00
6.872868061065673828e+00
-3.899998903274536133e+00
6.584429740905761719e+00
8.595243453979492188e+00
-9.000000000000000000e+00
1.130042362213134766e+01
-5.173329353332519531e+00
1.130000019073486328e+01
4.951474189758300781e+00
8.599999427795410156e+00
8.895012855529785156e+00
5.399999141693115234e+00
9.299999237060546875e+00
