1.000000000000000000e+01
-3.549394369125366211e+00
1.000000000000000000e+01
-2.294674873352050781e+00
1.000000000000000000e+01
-1.623286724090576172e+00
1.000000000000000000e+01
-1.135889530181884766e+00
1.000000000000000000e+01
-7.256605625152587891e-01
1.000000000000000000e+01
-3.102453351020812988e-01
-4.509783744812011719e+00
7.206919193267822266e+00
-4.512198925018310547e+00
7.283651351928710938e+00
6.284178733825683594e+00
-1.103209686279296875e+01
-4.205751895904541016e+00
-1.035728836059570312e+01
-4.452874183654785156e+00
8.455634117126464844e+00
6.989622592926025391e+00
-1.092426586151123047e+01
9.128856658935546875e+00
8.506163597106933594e+00
-2.817186117172241211e+00
-9.513956069946289062e+00
-2.575024127960205078e+00
-9.413188934326171875e+00
-2.625411987304687500e+00
-9.485855102539062500e+00
7.298696041107177734e+00
-1.042704200744628906e+01
-7.602224349975585938e-01
-9.357390403747558594e+00
-1.555460929870605469e+00
-1.011041259765625000e+01
-4.504317760467529297e+00
8.545026779174804688e+00
7.000959396362304688e+00
-1.090735054016113281e+01
-5.883546471595764160e-01
-9.352544784545898438e+00
-4.499943733215332031e+00
8.484421730041503906e+00
-3.207259178161621094e+00
-9.506049156188964844e+00
-4.513228893280029297e+00
7.434538841247558594e+00
-4.510730266571044922e+00
7.440541267395019531e+00
-4.496889591217041016e+00
7.497658729553222656e+00
-4.406141757965087891e+00
7.487415790557861328e+00
7.249711036682128906e+00
-1.014645576477050781e+01
-4.515165328979492188e+00
7.406383514404296875e+00
