-3.899898529052734375e+00
8.726668357849121094e+00
6.360691547393798828e+00
9.290963172912597656e+00
-3.899999618530273438e+00
9.099999427795410156e+00
5.675698757171630859e+00
9.299077987670898438e+00
-7.735617160797119141e-01
9.200000762939453125e+00
5.840170860290527344e+00
9.300000190734863281e+00
-7.462819218635559082e-01
9.199998855590820312e+00
5.464963436126708984e+00
9.299324989318847656e+00
5.916751384735107422e+00
9.300000190734863281e+00
-1.000716090202331543e+00
9.199999809265136719e+00
-3.899999618530273438e+00
8.286563873291015625e+00
-1.114886999130249023e+00
9.199999809265136719e+00
5.472208976745605469e+00
9.299947738647460938e+00
-6.950259208679199219e-01
9.199999809265136719e+00
-3.899999380111694336e+00
8.378108024597167969e+00
6.358222007751464844e+00
9.292240142822265625e+00
-3.900000810623168945e+00
9.100000381469726562e+00
-3.900000572204589844e+00
8.062107086181640625e+00
6.098408699035644531e+00
9.299999237060546875e+00
-3.900000572204589844e+00
9.099999427795410156e+00
6.369121074676513672e+00
9.285650253295898438e+00
-3.900000810623168945e+00
9.099999427795410156e+00
5.471154212951660156e+00
9.299637794494628906e+00
-3.900000333786010742e+00
9.099999427795410156e+00
8.599999427795410156e+00
9.000000000000000000e+00
8.599999427795410156e+00
8.999999046325683594e+00
-3.899999856948852539e+00
8.699486732482910156e+00
-3.899463176727294922e+00
8.337600708007812500e+00
6.367723941802978516e+00
9.286641120910644531e+00
-3.880120038986206055e+00
9.075859069824218750e+00
-3.899999856948852539e+00
8.330058097839355469e+00
5.803997039794921875e+00
9.299188613891601562e+00
-3.866339683532714844e+00
9.021287918090820312e+00
8.599999427795410156e+00
9.000000000000000000e+00
