1.000000000000000000e+01
-3.080613851547241211e+00
1.000000000000000000e+01
-2.151013374328613281e+00
1.000000000000000000e+01
-1.823343753814697266e+00
1.000000000000000000e+01
-1.432338237762451172e+00
1.000000000000000000e+01
-1.093590974807739258e+00
1.000000000000000000e+01
-7.295103073120117188e-01
1.000000000000000000e+01
-3.867337703704833984e-01
1.000000000000000000e+01
-2.927947044372558594e-02
1.000000000000000000e+01
3.067603111267089844e-01
9.107467651367187500e+00
8.900410652160644531e+00
-1.828363418579101562e+00
-1.050124740600585938e+01
-1.797560214996337891e+00
-9.861910820007324219e+00
-4.448081970214843750e+00
8.285335540771484375e+00
9.118060111999511719e+00
8.706812858581542969e+00
-2.251443624496459961e+00
-1.050932598114013672e+01
-4.493852615356445312e+00
8.435897827148437500e+00
-1.804234743118286133e+00
-9.785797119140625000e+00
-4.498321056365966797e+00
8.540161132812500000e+00
-2.235052108764648438e+00
-9.855199813842773438e+00
-4.512080669403076172e+00
8.367588996887207031e+00
-1.904549360275268555e+00
-1.008218955993652344e+01
-4.452314853668212891e+00
8.399606704711914062e+00
9.106516838073730469e+00
8.563823699951171875e+00
9.137568473815917969e+00
8.704972267150878906e+00
-2.320039272308349609e+00
-1.026350975036621094e+01
-4.500963687896728516e+00
8.542325973510742188e+00
-1.492031574249267578e+00
-9.958547592163085938e+00
-1.420326352119445801e+00
-9.953478813171386719e+00
-4.497867107391357422e+00
8.382751464843750000e+00
