1.130025196075439453e+01
5.967664241790771484e+00
-6.000002026557922363e-01
-2.595435619354248047e+00
-2.802378177642822266e+00
-8.899999618530273438e+00
-3.899898529052734375e+00
-6.523797512054443359e+00
-3.899999856948852539e+00
5.124600887298583984e+00
-3.899999856948852539e+00
7.485773563385009766e+00
-8.700857162475585938e-01
9.200000762939453125e+00
1.130000019073486328e+01
4.560354709625244141e+00
-5.999996662139892578e-01
-1.711993336677551270e+00
-3.899967908859252930e+00
-7.248702049255371094e+00
-3.899999856948852539e+00
1.996605277061462402e+00
-3.899204969406127930e+00
6.039579868316650391e+00
-3.899999856948852539e+00
8.479136466979980469e+00
1.130000019073486328e+01
3.337481021881103516e+00
8.600000381469726562e+00
8.544489860534667969e+00
-2.845582008361816406e+00
-8.899999618530273438e+00
-2.863310575485229492e+00
-8.899999618530273438e+00
-3.899999856948852539e+00
1.535058856010437012e+00
-6.599999904632568359e+00
2.637983322143554688e+00
-6.600089550018310547e+00
3.291342973709106445e+00
-3.899136304855346680e+00
5.853895187377929688e+00
-3.900000333786010742e+00
8.384562492370605469e+00
-5.999998450279235840e-01
9.199998855590820312e+00
-5.999997854232788086e-01
-2.009315252304077148e+00
1.130000019073486328e+01
4.654696464538574219e+00
1.130000019073486328e+01
5.971478939056396484e+00
-5.999998450279235840e-01
-8.800000190734863281e+00
-3.899999856948852539e+00
5.534195899963378906e+00
-3.899999856948852539e+00
8.660571098327636719e+00
-7.908183336257934570e-01
9.199393272399902344e+00
1.130000019073486328e+01
1.752377867698669434e+00
-6.000006198883056641e-01
-8.800000190734863281e+00
-3.899979829788208008e+00
-8.658623695373535156e+00
-3.899999856948852539e+00
1.594921588897705078e+00
-3.899841308593750000e+00
6.187528133392333984e+00
-3.899999380111694336e+00
8.616298675537109375e+00
-6.000000834465026855e-01
8.317615509033203125e+00
1.130000019073486328e+01
-2.861770629882812500e+00
1.130000019073486328e+01
4.291888713836669922e+00
1.130000019073486328e+01
5.965962409973144531e+00
-6.000002622604370117e-01
-4.229966163635253906e+00
-3.900000333786010742e+00
-3.962188959121704102e+00
-3.899999856948852539e+00
8.874954581260681152e-01
-3.899999856948852539e+00
4.984436988830566406e+00
-3.899999380111694336e+00
7.429658412933349609e+00
-6.000000238418579102e-01
6.010157108306884766e+00
-5.999999642372131348e-01
-5.544035434722900391e+00
1.130005741119384766e+01
3.816363334655761719e+00
1.130000019073486328e+01
5.827137947082519531e+00
1.195544815063476562e+01
6.099999427795410156e+00
8.599999427795410156e+00
9.000000000000000000e+00
-6.000002622604370117e-01
-8.357410430908203125e+00
-3.707445859909057617e+00
-8.900000572204589844e+00
-3.899999856948852539e+00
-2.756071090698242188e-01
-3.899435281753540039e+00
3.752380609512329102e+00
-3.899721860885620117e+00
7.630103111267089844e+00
-2.558436870574951172e+00
9.099999427795410156e+00
