7.400000000000000000e+01
7.700000000000000000e+01
7.400000000000000000e+01
6.800000000000000000e+01
7.000000000000000000e+01
6.600000000000000000e+01
6.100000000000000000e+01
6.800000000000000000e+01
6.500000000000000000e+01
6.000000000000000000e+01
5.300000000000000000e+01
5.300000000000000000e+01
5.200000000000000000e+01
5.500000000000000000e+01
4.800000000000000000e+01
5.000000000000000000e+01
4.800000000000000000e+01
5.100000000000000000e+01
4.500000000000000000e+01
4.400000000000000000e+01
4.300000000000000000e+01
4.300000000000000000e+01
3.900000000000000000e+01
3.400000000000000000e+01
3.700000000000000000e+01
3.400000000000000000e+01
3.200000000000000000e+01
3.200000000000000000e+01
2.400000000000000000e+01
2.300000000000000000e+01
2.400000000000000000e+01
2.300000000000000000e+01
1.700000000000000000e+01
1.800000000000000000e+01
2.100000000000000000e+01
1.700000000000000000e+01
1.600000000000000000e+01
1.300000000000000000e+01
1.600000000000000000e+01
1.300000000000000000e+01
1.500000000000000000e+01
1.400000000000000000e+01
1.400000000000000000e+01
1.500000000000000000e+01
1.100000000000000000e+01
1.200000000000000000e+01
1.200000000000000000e+01
1.100000000000000000e+01
9.000000000000000000e+00
1.200000000000000000e+01
1.020000000000000000e+02
