1.000000000000000000e+01
-3.452734231948852539e+00
1.000000000000000000e+01
-2.005353212356567383e+00
1.000000000000000000e+01
-1.336687088012695312e+00
1.000000000000000000e+01
-8.520720005035400391e-01
1.000000000000000000e+01
-4.083237648010253906e-01
1.000000000000000000e+01
-1.879116892814636230e-02
9.154013633728027344e+00
7.973088741302490234e+00
-1.106262505054473877e-01
-8.933207511901855469e+00
-1.056223437190055847e-01
-8.894710540771484375e+00
-8.073619604110717773e-01
-1.211599922180175781e+01
5.015472888946533203e+00
9.773304939270019531e+00
5.017054557800292969e+00
9.772528648376464844e+00
4.886858940124511719e+00
9.299902915954589844e+00
3.610908031463623047e+00
-1.121832370758056641e+01
7.378233432769775391e+00
-1.055962944030761719e+01
3.259667634963989258e+00
-8.736436843872070312e+00
-1.130616545677185059e+00
-1.159482002258300781e+01
5.093377590179443359e+00
-1.194765853881835938e+01
8.133066177368164062e+00
-1.000304985046386719e+01
6.795083045959472656e+00
9.929132461547851562e+00
-1.794395685195922852e+00
-1.227993392944335938e+01
-6.440188407897949219e+00
-8.039252281188964844e+00
-9.718801379203796387e-01
1.146926498413085938e+01
4.876406669616699219e+00
6.744273662567138672e+00
4.915980339050292969e+00
-1.193213081359863281e+01
8.619403839111328125e+00
9.619316101074218750e+00
-8.043322712182998657e-02
-1.021041679382324219e+01
-4.512038707733154297e+00
6.266575813293457031e+00
-1.242264032363891602e+00
1.204732227325439453e+01
4.509153366088867188e+00
-1.142155456542968750e+01
6.559250831604003906e+00
-1.194037342071533203e+01
2.908903121948242188e+00
-8.641960144042968750e+00
-9.787277579307556152e-01
-1.188769721984863281e+01
-6.939576148986816406e+00
-7.139577865600585938e+00
-4.453660964965820312e+00
6.537621974945068359e+00
-1.448444604873657227e+00
1.175482559204101562e+01
4.858335971832275391e+00
7.693192958831787109e+00
5.336034297943115234e+00
-1.163606739044189453e+01
8.129404067993164062e+00
-1.007787704467773438e+01
8.906670570373535156e+00
9.522837638854980469e+00
4.930046081542968750e+00
9.541882514953613281e+00
-9.224061854183673859e-03
-7.589971065521240234e+00
-5.724710226058959961e-01
-1.053439903259277344e+01
-1.656239986419677734e+00
1.187699604034423828e+01
5.242027282714843750e+00
-1.181340026855468750e+01
9.138872146606445312e+00
8.832027435302734375e+00
