1.000000000000000000e+01
-3.484360218048095703e+00
1.000000000000000000e+01
-2.166400432586669922e+00
1.000000000000000000e+01
-1.478396892547607422e+00
1.000000000000000000e+01
-1.011402964591979980e+00
1.000000000000000000e+01
-5.747405290603637695e-01
1.000000000000000000e+01
-1.719913184642791748e-01
-4.422411441802978516e+00
7.957953929901123047e+00
5.568403720855712891e+00
-9.430147171020507812e+00
-2.280135154724121094e+00
-1.025564289093017578e+01
6.274915218353271484e+00
-1.040060615539550781e+01
-2.055280685424804688e+00
-9.809084892272949219e+00
7.211238861083984375e+00
-9.637047767639160156e+00
-1.838577628135681152e+00
-9.942838668823242188e+00
7.271865844726562500e+00
-9.658308029174804688e+00
6.893197536468505859e+00
9.720758438110351562e+00
-1.523369073867797852e+00
-1.019608592987060547e+01
-4.504459857940673828e+00
9.193819046020507812e+00
6.513978004455566406e+00
-9.555599212646484375e+00
-1.148061871528625488e+00
-1.012332630157470703e+01
-4.481053352355957031e+00
9.097446441650390625e+00
6.632117271423339844e+00
-9.551115036010742188e+00
8.951561927795410156e+00
9.444006919860839844e+00
6.199501991271972656e+00
-9.647064208984375000e+00
6.602311134338378906e+00
-9.683798789978027344e+00
-1.669756293296813965e+00
-1.002277183532714844e+01
8.926819801330566406e+00
-9.580452919006347656e+00
-4.405104637145996094e+00
8.292413711547851562e+00
7.254158973693847656e+00
-9.584357261657714844e+00
-2.185179710388183594e+00
-9.822047233581542969e+00
-4.407967090606689453e+00
9.189051628112792969e+00
6.337385654449462891e+00
-9.552911758422851562e+00
