-6.537019014358520508e-01
9.196911811828613281e+00
5.401243209838867188e+00
6.588232040405273438e+00
1.210628128051757812e+01
-5.892170429229736328e+00
1.130030155181884766e+01
-2.536759376525878906e+00
1.130018997192382812e+01
-1.858744740486145020e+00
1.130003070831298828e+01
5.456877708435058594e+00
1.202021598815917969e+01
6.099849224090576172e+00
-6.508824229240417480e-01
9.196016311645507812e+00
1.130000019073486328e+01
3.581022262573242188e+00
5.400000095367431641e+00
4.840235710144042969e+00
5.401816844940185547e+00
4.676811695098876953e+00
1.130000019073486328e+01
5.157183170318603516e+00
1.134575080871582031e+01
6.094061374664306641e+00
1.130000019073486328e+01
6.099999904632568359e+00
5.400137424468994141e+00
-5.682130455970764160e-01
