1.000000000000000000e+01
-4.412749767303466797e+00
1.000000000000000000e+01
-3.263872623443603516e+00
1.000000000000000000e+01
-2.861278057098388672e+00
1.000000000000000000e+01
-2.469090223312377930e+00
1.000000000000000000e+01
-2.075539827346801758e+00
1.000000000000000000e+01
-1.688045978546142578e+00
1.000000000000000000e+01
-1.287230610847473145e+00
9.261014938354492188e+00
7.114613056182861328e+00
-4.824805259704589844e+00
6.708499431610107422e+00
4.888971805572509766e+00
1.459450244903564453e+00
4.876352787017822266e+00
1.381837129592895508e+00
3.999867200851440430e+00
-7.890311717987060547e+00
9.236821174621582031e+00
7.588355541229248047e+00
-5.027320861816406250e+00
5.996141910552978516e+00
-3.129750967025756836e+00
1.063549804687500000e+01
3.286965370178222656e+00
-9.459193229675292969e+00
9.652884483337402344e+00
6.596484184265136719e+00
9.640149116516113281e+00
1.276839447021484375e+01
9.621557593345642090e-01
-7.545301437377929688e+00
-4.882188796997070312e+00
6.529297828674316406e+00
-2.443265199661254883e+00
1.127893066406250000e+01
3.896593332290649414e+00
-1.063628387451171875e+01
8.941255569458007812e+00
9.479497909545898438e+00
8.500644564628601074e-01
-7.682944774627685547e+00
-4.618763446807861328e+00
7.356192588806152344e+00
3.692542552947998047e+00
-7.699957847595214844e+00
9.643925666809082031e+00
6.520468711853027344e+00
-4.622185707092285156e+00
7.344683647155761719e+00
5.898317813873291016e+00
-1.272679138183593750e+01
8.921539306640625000e+00
9.562777519226074219e+00
4.899270832538604736e-01
-8.105286598205566406e+00
-4.991107463836669922e+00
6.029451847076416016e+00
-3.163695573806762695e+00
1.105018043518066406e+01
4.127832889556884766e+00
-9.561891555786132812e+00
9.630663871765136719e+00
8.041858673095703125e+00
5.394549369812011719e-01
-8.145460128784179688e+00
-4.458024024963378906e+00
7.511935710906982422e+00
3.533426523208618164e+00
-8.046906471252441406e+00
9.681702613830566406e+00
6.507704257965087891e+00
4.887001991271972656e+00
4.736873149871826172e+00
-1.192519426345825195e+00
-1.220765590667724609e+01
-4.826361179351806641e+00
8.238067626953125000e+00
3.589230537414550781e+00
-7.692873477935791016e+00
9.638963699340820312e+00
6.610701560974121094e+00
-4.706264972686767578e+00
6.856818199157714844e+00
-2.095549583435058594e+00
1.063890647888183594e+01
3.444371223449707031e+00
-1.062101078033447266e+01
8.089786529541015625e+00
1.051411724090576172e+01
